yearday,computer time,CTD depth,cond,density,salinity,CTD temp,ECO Chlor,ECO NTU,G2 Biolume,G2 flow,G2 depth,G3 biolume,G3 flow,ctrl depth,Xmiss,LSS,cable,UBAT bio,UBAT flow,G3 net, UBAT net, WinchV,oxygen, saturation,OXO temp.
231,3:03:17 PM,0.71,4.379,24.105,33.396,17.768,3.475,0.973,0.000E+0,0,0.00,0.000E+0,0,-9.98,0.848,0.825,6.80,0.000E+0,0,0.0,0.0,50.00,159.64,65.92,17.71
231,3:03:18 PM,0.56,4.374,24.067,33.350,17.774,3.534,0.954,0.000E+0,0,0.00,0.000E+0,0,-9.98,0.848,0.831,6.75,0.000E+0,0,0.0,0.0,50.00,159.09,65.70,17.72
231,3:03:19 PM,0.56,4.374,24.067,33.350,17.774,3.665,0.986,0.000E+0,0,0.00,0.000E+0,0,-9.98,0.844,0.836,6.69,0.000E+0,0,0.0,0.0,50.00,159.09,65.70,17.72
231,3:03:20 PM,0.64,4.377,24.081,33.368,17.776,3.558,1.030,0.000E+0,0,0.00,0.000E+0,0,-9.98,0.845,0.842,6.66,0.000E+0,0,0.0,0.0,50.00,158.70,65.55,17.73
231,3:03:20 PM,0.64,4.377,24.081,33.368,17.776,3.558,1.030,0.000E+0,0,0.00,0.000E+0,0,-9.98,0.843,0.848,6.67,0.000E+0,0,0.0,0.0,50.00,158.70,65.55,17.73
231,3:03:21 PM,0.76,4.378,24.095,33.384,17.772,3.451,1.011,0.000E+0,0,0.00,0.000E+0,0,-9.98,0.844,0.853,6.78,0.000E+0,0,0.0,0.0,50.00,158.57,65.50,17.73
231,3:03:23 PM,0.93,4.379,24.098,33.388,17.772,3.582,1.024,0.000E+0,0,0.00,0.000E+0,0,-9.98,0.844,0.859,6.80,0.000E+0,0,0.0,0.0,50.00,158.34,65.41,17.74
231,3:03:23 PM,0.93,4.379,24.098,33.388,17.772,3.582,1.024,0.000E+0,0,0.00,0.000E+0,0,-9.98,0.845,0.865,6.80,0.000E+0,0,0.0,0.0,50.00,158.34,65.41,17.74
231,3:03:25 PM,0.95,4.379,24.098,33.387,17.773,3.653,0.941,0.000E+0,0,0.00,0.000E+0,0,-9.98,0.841,0.870,6.88,0.000E+0,0,0.0,0.0,50.00,158.11,65.31,17.74
231,3:03:25 PM,0.95,4.379,24.098,33.387,17.773,3.653,0.941,0.000E+0,0,0.00,0.000E+0,0,-9.98,0.847,0.876,6.88,0.000E+0,0,0.0,0.0,50.00,158.11,65.31,17.74
231,3:03:27 PM,0.94,4.379,24.099,33.389,17.773,3.570,0.960,0.000E+0,0,0.00,0.000E+0,0,-9.98,0.843,0.881,6.93,0.000E+0,0,0.0,0.0,50.00,157.96,65.26,17.74
231,3:03:28 PM,0.92,4.378,24.105,33.393,17.760,3.641,0.941,0.000E+0,0,0.00,0.000E+0,0,-9.98,0.840,0.886,6.93,0.000E+0,0,0.0,0.0,50.00,157.96,65.26,17.74
231,3:03:29 PM,0.89,4.379,24.113,33.403,17.756,3.606,0.954,0.000E+0,0,0.00,0.000E+0,0,-9.98,0.843,0.892,6.95,0.000E+0,0,0.0,0.0,50.00,157.53,65.08,17.74
231,3:03:30 PM,0.93,4.379,24.105,33.395,17.766,3.701,1.043,0.000E+0,0,0.00,0.000E+0,0,-9.98,0.841,0.897,6.97,0.000E+0,0,0.0,0.0,50.00,157.53,65.08,17.74
231,3:03:31 PM,0.99,4.379,24.107,33.396,17.764,3.630,1.043,0.000E+0,0,0.00,0.000E+0,0,-9.98,0.842,0.902,7.02,0.000E+0,0,0.0,0.0,50.00,157.23,64.96,17.75
231,3:03:32 PM,0.99,4.379,24.107,33.396,17.764,3.558,1.024,0.000E+0,0,0.00,0.000E+0,0,-9.98,0.841,0.907,7.02,0.000E+0,0,0.0,0.0,50.00,157.23,64.96,17.75
231,3:03:32 PM,1.07,4.379,24.111,33.400,17.761,3.499,0.986,0.000E+0,0,0.00,0.000E+0,0,-9.98,0.844,0.913,7.13,0.000E+0,0,0.0,0.0,50.00,157.07,64.90,17.75
231,3:03:34 PM,1.22,4.377,24.116,33.400,17.742,3.415,1.030,0.000E+0,0,0.00,0.000E+0,0,-9.98,0.843,0.918,7.17,0.000E+0,0,0.0,0.0,50.00,156.83,64.80,17.75
231,3:03:34 PM,1.22,4.377,24.116,33.400,17.742,3.415,1.030,0.000E+0,0,0.00,0.000E+0,0,-9.98,0.843,0.918,7.17,0.000E+0,0,0.0,0.0,50.00,156.83,64.80,17.75
231,3:03:35 PM,1.22,4.377,24.116,33.400,17.742,3.415,0.973,0.000E+0,0,0.00,0.000E+0,0,-9.98,0.842,0.923,7.17,0.000E+0,0,0.0,0.0,50.00,156.83,64.80,17.75
231,3:03:36 PM,1.26,4.374,24.141,33.415,17.688,3.368,0.890,0.000E+0,0,0.00,0.000E+0,0,-9.98,0.845,0.928,7.17,0.000E+0,0,0.0,0.0,50.00,156.73,64.76,17.75
231,3:03:37 PM,1.26,4.374,24.141,33.415,17.688,3.522,0.922,0.000E+0,0,0.00,0.000E+0,0,-9.98,0.843,0.934,7.19,0.000E+0,0,0.0,0.0,50.00,156.73,64.76,17.75
231,3:03:38 PM,1.26,4.374,24.141,33.415,17.688,3.558,0.915,0.000E+0,0,0.00,0.000E+0,0,-9.98,0.842,0.939,7.24,0.000E+0,0,0.0,0.0,50.00,156.59,64.71,17.75
231,3:03:39 PM,1.30,4.373,24.145,33.416,17.676,3.570,1.005,0.000E+0,0,0.00,0.000E+0,0,-9.98,0.839,0.944,7.26,0.000E+0,0,0.0,0.0,50.00,156.46,64.65,17.75
231,3:03:40 PM,1.40,4.373,24.158,33.429,17.664,3.499,0.979,0.000E+0,0,0.00,0.000E+0,0,-9.98,0.839,0.949,7.30,0.000E+0,0,0.0,0.0,50.00,156.37,64.61,17.75
231,3:03:41 PM,1.45,4.372,24.156,33.424,17.657,3.475,0.960,0.000E+0,0,0.00,0.000E+0,0,-9.98,0.839,0.954,7.31,0.000E+0,0,0.0,0.0,50.00,156.35,64.60,17.75
231,3:03:42 PM,1.45,4.371,24.154,33.420,17.652,3.463,0.902,0.000E+0,0,0.00,0.000E+0,0,-9.98,0.840,0.959,7.35,0.000E+0,0,0.0,0.0,50.00,156.27,64.56,17.75
231,3:03:43 PM,1.43,4.370,24.146,33.411,17.656,3.427,0.877,0.000E+0,0,0.00,0.000E+0,0,-9.98,0.842,0.963,7.39,0.000E+0,0,0.0,0.0,50.00,156.16,64.52,17.74
231,3:03:44 PM,1.43,4.370,24.146,33.411,17.656,3.511,0.902,0.000E+0,0,0.00,0.000E+0,0,-9.98,0.838,0.968,7.42,0.000E+0,0,0.0,0.0,50.00,156.16,64.52,17.74
231,3:03:45 PM,1.41,4.372,24.146,33.416,17.669,3.606,0.941,0.000E+0,0,0.00,0.000E+0,0,-9.98,0.838,0.973,7.46,0.000E+0,0,0.0,0.0,50.00,155.97,64.44,17.75
231,3:03:46 PM,1.41,4.372,24.146,33.416,17.669,3.630,1.024,0.000E+0,0,0.00,0.000E+0,0,-9.98,0.839,0.978,7.48,0.000E+0,0,0.0,0.0,50.00,155.97,64.44,17.75
231,3:03:47 PM,1.49,4.372,24.139,33.408,17.679,3.630,1.024,0.000E+0,0,0.00,0.000E+0,0,-9.98,0.836,0.983,7.61,0.000E+0,0,0.0,0.0,50.00,155.87,64.40,17.75
231,3:03:48 PM,1.59,4.372,24.142,33.410,17.674,3.546,0.966,0.000E+0,0,0.00,0.000E+0,0,-9.98,0.840,0.987,7.63,0.000E+0,0,0.0,0.0,50.00,155.71,64.34,17.75
231,3:03:49 PM,1.77,4.369,24.124,33.385,17.671,3.439,1.114,0.000E+0,0,0.00,0.000E+0,0,-9.98,0.839,0.992,7.63,0.000E+0,0,0.0,0.0,50.00,155.56,64.27,17.74
231,3:03:50 PM,1.77,4.369,24.124,33.385,17.671,3.439,1.114,0.000E+0,0,0.00,0.000E+0,0,-9.98,0.838,0.997,7.68,0.000E+0,0,0.0,0.0,50.00,155.56,64.27,17.74
231,3:03:51 PM,1.93,4.351,24.093,33.314,17.577,3.189,1.005,0.000E+0,0,0.00,0.000E+0,0,-9.98,0.838,1.002,7.68,0.000E+0,0,0.0,0.0,50.00,155.48,64.24,17.74
231,3:03:52 PM,1.93,4.351,24.093,33.314,17.577,3.189,0.902,0.000E+0,0,0.00,0.000E+0,0,-9.98,0.836,1.006,7.70,0.000E+0,0,0.0,0.0,50.00,155.48,64.24,17.74
231,3:03:53 PM,1.81,4.367,24.227,33.479,17.543,3.368,0.890,0.000E+0,0,0.00,0.000E+0,0,-9.98,0.837,1.011,7.72,0.000E+0,0,0.0,0.0,50.00,155.31,64.16,17.74
231,3:03:54 PM,1.81,4.367,24.227,33.479,17.543,3.487,0.896,0.000E+0,0,0.00,0.000E+0,0,-9.98,0.836,1.015,7.75,0.000E+0,0,0.0,0.0,50.00,155.31,64.16,17.74
231,3:03:55 PM,1.74,4.368,24.152,33.408,17.631,3.522,0.909,0.000E+0,0,0.00,0.000E+0,0,-9.98,0.834,1.020,7.77,0.000E+0,0,0.0,0.0,50.00,155.11,64.08,17.74
231,3:03:56 PM,1.74,4.368,24.152,33.408,17.631,3.499,0.941,0.000E+0,0,0.00,0.000E+0,0,-9.98,0.835,1.024,7.83,0.000E+0,0,0.0,0.0,50.00,155.11,64.08,17.74
231,3:03:57 PM,1.80,4.366,24.129,33.384,17.647,3.570,0.960,0.000E+0,0,0.00,0.000E+0,0,-9.98,0.835,1.028,7.83,0.000E+0,0,0.0,0.0,50.00,154.80,63.96,17.75
231,3:03:58 PM,1.80,4.366,24.129,33.384,17.647,3.511,0.966,0.000E+0,0,0.00,0.000E+0,0,-9.98,0.835,1.033,7.88,0.000E+0,0,0.0,0.0,50.00,154.80,63.96,17.75
231,3:04:00 PM,2.06,4.366,24.166,33.418,17.608,3.225,0.966,0.000E+0,0,0.00,0.000E+0,0,-9.98,0.835,1.037,7.90,0.000E+0,0,0.0,0.0,50.00,154.59,63.87,17.75
231,3:04:00 PM,2.06,4.366,24.166,33.418,17.608,2.844,0.877,0.000E+0,0,0.00,0.000E+0,0,-9.98,0.835,1.041,7.94,0.000E+0,0,0.0,0.0,50.00,154.59,63.87,17.75
231,3:04:02 PM,2.19,4.366,24.210,33.458,17.553,2.713,0.845,0.000E+0,0,0.00,0.000E+0,0,-9.98,0.840,1.046,7.97,0.000E+0,0,0.0,0.0,50.00,154.44,63.80,17.74
231,3:04:03 PM,2.19,4.366,24.210,33.458,17.553,2.701,0.806,0.000E+0,0,0.00,0.000E+0,0,-9.98,0.838,1.050,8.01,0.000E+0,0,0.0,0.0,50.00,154.44,63.80,17.74
231,3:04:04 PM,2.28,4.329,24.151,33.313,17.341,2.832,0.774,0.000E+0,0,0.00,0.000E+0,0,-9.98,0.845,1.055,8.05,0.000E+0,0,0.0,0.0,50.00,154.09,63.61,17.70
231,3:04:05 PM,2.28,4.329,24.151,33.313,17.341,2.773,0.742,0.000E+0,0,0.00,0.000E+0,0,-9.98,0.839,1.059,8.06,0.000E+0,0,0.0,0.0,50.00,154.09,63.61,17.70
231,3:04:06 PM,2.14,4.350,24.436,33.635,17.173,2.892,0.781,0.000E+0,0,0.00,0.000E+0,0,-9.98,0.837,1.064,8.12,0.000E+0,0,0.0,0.0,50.00,154.60,63.77,17.66
231,3:04:07 PM,2.14,4.350,24.436,33.635,17.173,2.939,0.774,0.000E+0,0,0.00,0.000E+0,0,-9.98,0.838,1.068,8.12,0.000E+0,0,0.0,0.0,50.00,154.61,63.79,17.67
231,3:04:08 PM,2.14,4.366,24.379,33.618,17.357,3.023,0.813,0.000E+0,0,0.00,0.000E+0,0,-9.98,0.838,1.072,8.16,0.000E+0,0,0.0,0.0,50.00,154.63,63.82,17.69
231,3:04:09 PM,2.14,4.366,24.379,33.618,17.357,2.761,0.762,0.000E+0,0,0.00,0.000E+0,0,-9.98,0.839,1.077,8.19,0.000E+0,0,0.0,0.0,50.00,154.63,63.82,17.69
231,3:04:10 PM,2.29,4.356,24.345,33.563,17.328,2.713,0.794,0.000E+0,0,0.00,0.000E+0,0,-9.98,0.839,1.081,8.23,0.000E+0,0,0.0,0.0,50.00,154.56,63.80,17.70
231,3:04:11 PM,2.29,4.356,24.345,33.563,17.328,2.689,0.826,0.000E+0,0,0.00,0.000E+0,0,-9.98,0.840,1.086,8.27,0.000E+0,0,0.0,0.0,50.00,154.56,63.80,17.70
231,3:04:12 PM,2.46,4.346,24.336,33.529,17.258,2.618,0.774,0.000E+0,0,0.00,0.000E+0,0,-9.98,0.843,1.090,8.28,0.000E+0,0,0.0,0.0,50.00,154.40,63.70,17.67
231,3:04:13 PM,2.46,4.346,24.336,33.529,17.258,2.737,0.838,0.000E+0,0,0.00,0.000E+0,0,-9.98,0.842,1.094,8.32,0.000E+0,0,0.0,0.0,50.00,154.40,63.70,17.67
231,3:04:14 PM,2.46,4.346,24.336,33.529,17.258,2.737,0.838,0.000E+0,0,0.00,0.000E+0,0,-9.98,0.843,1.098,8.34,0.000E+0,0,0.0,0.0,50.00,154.22,63.60,17.65
231,3:04:15 PM,2.54,4.337,24.360,33.532,17.167,2.547,0.768,0.000E+0,0,0.00,0.000E+0,0,-9.98,0.845,1.103,8.38,0.000E+0,0,0.0,0.0,50.00,153.93,63.46,17.63
231,3:04:16 PM,2.58,4.330,24.354,33.509,17.123,2.630,0.768,0.000E+0,0,0.00,0.000E+0,0,-9.98,0.843,1.107,8.41,0.000E+0,0,0.0,0.0,50.00,153.93,63.46,17.63
231,3:04:17 PM,2.55,4.321,24.313,33.448,17.097,2.737,0.717,0.000E+0,0,0.00,0.000E+0,0,-9.98,0.848,1.112,8.43,0.000E+0,0,0.0,0.0,50.00,154.36,63.61,17.61
231,3:04:18 PM,2.55,4.322,24.319,33.456,17.097,2.642,0.755,0.000E+0,0,0.00,0.000E+0,0,-9.98,0.847,1.116,8.49,0.000E+0,0,0.0,0.0,50.00,154.36,63.61,17.61
231,3:04:19 PM,2.57,4.320,24.326,33.458,17.074,2.630,0.742,0.000E+0,0,0.00,0.000E+0,0,-9.98,0.847,1.121,8.49,0.000E+0,0,0.0,0.0,50.00,154.82,63.80,17.61
231,3:04:19 PM,2.57,4.320,24.326,33.458,17.074,2.630,0.742,0.000E+0,0,0.00,0.000E+0,0,-9.98,0.847,1.121,8.49,0.000E+0,0,0.0,0.0,50.00,154.82,63.80,17.61
231,3:04:20 PM,2.60,4.319,24.330,33.460,17.066,2.666,0.762,0.000E+0,0,0.00,0.000E+0,0,-9.98,0.846,1.129,8.63,0.000E+0,0,0.0,0.0,50.00,155.04,63.89,17.61
231,3:04:22 PM,2.65,4.316,24.317,33.440,17.058,2.499,0.736,0.000E+0,0,0.00,0.000E+0,0,-9.98,0.846,1.134,8.65,0.000E+0,0,0.0,0.0,50.00,155.22,63.96,17.60
231,3:04:22 PM,2.65,4.316,24.317,33.440,17.058,2.499,0.736,0.000E+0,0,0.00,0.000E+0,0,-9.98,0.846,1.134,8.65,0.000E+0,0,0.0,0.0,50.00,155.22,63.96,17.60
231,3:04:23 PM,2.76,4.315,24.302,33.423,17.067,2.499,0.736,0.000E+0,0,0.00,0.000E+0,0,-9.98,0.840,1.138,8.65,0.000E+0,0,0.0,0.0,50.00,155.67,64.12,17.59
231,3:04:24 PM,2.76,4.315,24.302,33.423,17.067,2.499,0.762,0.000E+0,0,0.00,0.000E+0,0,-9.98,0.849,1.142,8.65,0.000E+0,0,0.0,0.0,50.00,155.67,64.12,17.59
231,3:04:25 PM,2.84,4.315,24.334,33.452,17.026,2.416,0.749,0.000E+0,0,0.00,0.000E+0,0,-9.98,0.850,1.147,8.65,0.000E+0,0,0.0,0.0,50.00,155.98,64.21,17.55
231,3:04:26 PM,2.84,4.315,24.334,33.452,17.026,2.416,0.749,0.000E+0,0,0.00,0.000E+0,0,-9.98,0.847,1.151,8.80,0.000E+0,0,0.0,0.0,50.00,155.98,64.21,17.55
231,3:04:27 PM,2.92,4.312,24.363,33.474,16.973,2.535,0.762,0.000E+0,0,0.00,0.000E+0,0,-9.98,0.851,1.155,8.81,0.000E+0,0,0.0,0.0,50.00,156.13,64.24,17.53
231,3:04:28 PM,2.95,4.310,24.355,33.461,16.966,2.451,0.755,0.000E+0,0,0.00,0.000E+0,0,-9.98,0.849,1.160,8.85,0.000E+0,0,0.0,0.0,50.00,155.90,64.13,17.51
231,3:04:29 PM,2.96,4.308,24.352,33.454,16.958,2.535,0.755,0.000E+0,0,0.00,0.000E+0,0,-9.98,0.845,1.164,8.87,0.000E+0,0,0.0,0.0,50.00,156.24,64.24,17.50
231,3:04:30 PM,2.99,4.304,24.349,33.442,16.933,2.475,0.762,0.000E+0,0,0.00,0.000E+0,0,-9.98,0.851,1.168,8.92,0.000E+0,0,0.0,0.0,50.00,156.40,64.30,17.49
231,3:04:31 PM,3.01,4.307,24.373,33.471,16.924,2.547,0.781,0.000E+0,0,0.00,0.000E+0,0,-9.98,0.847,1.173,8.92,0.000E+0,0,0.0,0.0,50.00,156.71,64.43,17.49
231,3:04:32 PM,3.01,4.307,24.373,33.471,16.924,2.547,0.781,0.000E+0,0,0.00,0.000E+0,0,-9.98,0.846,1.177,9.00,0.000E+0,0,0.0,0.0,50.00,156.71,64.43,17.49
231,3:04:33 PM,3.03,4.303,24.377,33.466,16.890,2.666,0.774,0.000E+0,0,0.00,0.000E+0,0,-9.98,0.849,1.181,9.00,0.000E+0,0,0.0,0.0,50.00,157.00,64.54,17.48
231,3:04:34 PM,3.03,4.303,24.377,33.466,16.890,2.642,0.800,0.000E+0,0,0.00,0.000E+0,0,-9.98,0.849,1.185,9.00,0.000E+0,0,0.0,0.0,50.00,157.00,64.54,17.48
231,3:04:35 PM,3.16,4.304,24.424,33.513,16.844,2.582,0.787,0.000E+0,0,0.00,0.000E+0,0,-9.98,0.850,1.189,9.07,0.000E+0,0,0.0,0.0,50.00,157.47,64.72,17.47
231,3:04:36 PM,3.16,4.304,24.424,33.513,16.844,2.451,0.819,0.000E+0,0,0.00,0.000E+0,0,-9.98,0.850,1.194,9.07,0.000E+0,0,0.0,0.0,50.00,157.47,64.72,17.47
231,3:04:37 PM,3.23,4.301,24.439,33.519,16.806,2.190,0.698,0.000E+0,0,0.00,0.000E+0,0,-9.98,0.849,1.198,9.14,0.000E+0,0,0.0,0.0,50.00,158.03,64.93,17.45
231,3:04:38 PM,3.23,4.301,24.439,33.519,16.806,2.190,0.698,0.000E+0,0,0.00,0.000E+0,0,-9.98,0.848,1.202,9.14,0.000E+0,0,0.0,0.0,50.00,158.03,64.93,17.45
231,3:04:39 PM,3.33,4.290,24.419,33.474,16.742,2.237,0.717,0.000E+0,0,0.00,0.000E+0,0,-9.98,0.847,1.206,9.20,0.000E+0,0,0.0,0.0,50.00,158.55,65.12,17.44
231,3:04:40 PM,3.33,4.290,24.419,33.474,16.742,2.237,0.717,0.000E+0,0,0.00,0.000E+0,0,-9.98,0.850,1.210,9.25,0.000E+0,0,0.0,0.0,50.00,158.55,65.12,17.44
231,3:04:41 PM,3.36,4.288,24.450,33.498,16.692,2.237,0.691,0.000E+0,0,0.00,0.000E+0,0,-9.98,0.850,1.214,9.25,0.000E+0,0,0.0,0.0,50.00,158.93,65.24,17.41
231,3:04:42 PM,3.39,4.288,24.472,33.519,16.665,2.213,0.685,0.000E+0,0,0.00,0.000E+0,0,-9.98,0.849,1.218,9.25,0.000E+0,0,0.0,0.0,50.00,158.93,65.24,17.41
231,3:04:43 PM,3.42,4.288,24.496,33.544,16.643,2.178,0.832,0.000E+0,0,0.00,0.000E+0,0,-9.98,0.850,1.222,9.27,0.000E+0,0,0.0,0.0,50.00,159.28,65.33,17.37
231,3:04:44 PM,3.42,4.288,24.496,33.544,16.643,2.237,0.685,0.000E+0,0,0.00,0.000E+0,0,-9.98,0.851,1.226,9.29,0.000E+0,0,0.0,0.0,50.00,159.28,65.33,17.37
231,3:04:46 PM,3.41,4.286,24.452,33.496,16.675,2.225,0.666,0.000E+0,0,0.00,0.000E+0,0,-9.98,0.853,1.230,9.33,0.000E+0,0,0.0,0.0,50.00,159.06,65.19,17.32
231,3:04:47 PM,3.41,4.286,24.452,33.496,16.675,2.392,0.691,0.000E+0,0,0.00,0.000E+0,0,-9.98,0.851,1.234,9.36,0.000E+0,0,0.0,0.0,50.00,159.06,65.19,17.32
231,3:04:48 PM,3.52,4.285,24.428,33.471,16.698,2.249,0.749,0.000E+0,0,0.00,0.000E+0,0,-9.98,0.846,1.238,9.38,0.000E+0,0,0.0,0.0,50.00,160.08,65.59,17.31
231,3:04:49 PM,3.52,4.285,24.428,33.471,16.698,2.332,0.736,0.000E+0,0,0.00,0.000E+0,0,-9.98,0.852,1.242,9.44,0.000E+0,0,0.0,0.0,50.00,160.08,65.59,17.31
231,3:04:50 PM,3.52,4.285,24.428,33.471,16.698,2.190,0.768,0.000E+0,0,0.00,0.000E+0,0,-9.98,0.852,1.246,9.44,0.000E+0,0,0.0,0.0,50.00,160.82,65.85,17.28
231,3:04:51 PM,3.62,4.283,24.406,33.444,16.706,2.071,0.698,0.000E+0,0,0.00,0.000E+0,0,-9.98,0.852,1.250,9.49,0.000E+0,0,0.0,0.0,50.00,161.23,66.00,17.27
231,3:04:52 PM,3.71,4.281,24.437,33.467,16.652,2.011,0.736,0.000E+0,0,0.00,0.000E+0,0,-9.98,0.852,1.254,9.51,0.000E+0,0,0.0,0.0,50.00,161.48,66.08,17.25
231,3:04:53 PM,3.77,4.275,24.430,33.448,16.618,2.202,0.685,0.000E+0,0,0.00,0.000E+0,0,-9.98,0.851,1.258,9.55,0.000E+0,0,0.0,0.0,50.00,161.48,66.08,17.25
231,3:04:54 PM,3.75,4.270,24.404,33.412,16.613,2.273,0.710,0.000E+0,0,0.00,0.000E+0,0,-9.98,0.851,1.262,9.58,0.000E+0,0,0.0,0.0,50.00,162.90,66.60,17.20
231,3:04:55 PM,3.73,4.271,24.400,33.410,16.620,2.261,0.640,0.000E+0,0,0.00,0.000E+0,0,-9.98,0.849,1.266,9.60,0.000E+0,0,0.0,0.0,50.00,162.90,66.60,17.20
231,3:04:56 PM,3.73,4.271,24.400,33.410,16.620,2.213,0.672,0.000E+0,0,0.00,0.000E+0,0,-9.98,0.852,1.270,9.64,0.000E+0,0,0.0,0.0,50.00,163.56,66.86,17.19
231,3:04:57 PM,3.77,4.271,24.410,33.419,16.611,2.273,0.691,0.000E+0,0,0.00,0.000E+0,0,-9.98,0.851,1.274,9.66,0.000E+0,0,0.0,0.0,50.00,164.94,67.42,17.18
231,3:04:58 PM,3.80,4.271,24.402,33.410,16.616,2.285,0.698,0.000E+0,0,0.00,0.000E+0,0,-9.98,0.845,1.277,9.69,0.000E+0,0,0.0,0.0,50.00,164.94,67.42,17.18
231,3:04:59 PM,3.82,4.271,24.416,33.424,16.600,2.309,0.691,0.000E+0,0,0.00,0.000E+0,0,-9.98,0.851,1.281,9.73,0.000E+0,0,0.0,0.0,50.00,166.10,67.87,17.17
231,3:05:00 PM,3.89,4.270,24.415,33.422,16.597,2.106,0.653,0.000E+0,0,0.00,0.000E+0,0,-9.98,0.846,1.285,9.77,0.000E+0,0,0.0,0.0,50.00,166.10,67.87,17.17
231,3:05:01 PM,3.95,4.270,24.410,33.416,16.600,2.083,0.883,0.000E+0,0,0.00,0.000E+0,0,-9.98,0.851,1.288,9.80,0.000E+0,0,0.0,0.0,50.00,167.22,68.31,17.15
231,3:05:02 PM,3.95,4.270,24.410,33.416,16.600,1.975,0.582,0.000E+0,0,0.00,0.000E+0,0,-9.98,0.849,1.292,9.80,0.000E+0,0,0.0,0.0,50.00,167.22,68.31,17.15
231,3:05:02 PM,4.00,4.269,24.408,33.411,16.595,1.952,0.621,0.000E+0,0,0.00,0.000E+0,0,-9.98,0.851,1.296,9.91,0.000E+0,0,0.0,0.0,50.00,167.72,68.51,17.15
231,3:05:03 PM,4.00,4.269,24.408,33.411,16.595,1.952,0.621,0.000E+0,0,0.00,0.000E+0,0,-9.98,0.851,1.296,9.95,0.000E+0,0,0.0,0.0,50.00,167.72,68.51,17.15
231,3:05:04 PM,4.12,4.266,24.388,33.385,16.597,2.035,0.627,0.000E+0,0,0.00,0.000E+0,0,-9.98,0.853,1.299,9.95,0.000E+0,0,0.0,0.0,50.00,168.41,68.76,17.13
231,3:05:06 PM,4.12,4.263,24.395,33.385,16.569,1.964,0.608,0.000E+0,0,0.00,0.000E+0,0,-9.98,0.853,1.307,9.95,0.000E+0,0,0.0,0.0,50.00,169.42,69.12,17.09
231,3:05:06 PM,4.12,4.263,24.395,33.385,16.569,1.964,0.608,0.000E+0,0,0.00,0.000E+0,0,-9.98,0.853,1.307,9.95,0.000E+0,0,0.0,0.0,50.00,169.42,69.12,17.09
231,3:05:07 PM,4.12,4.263,24.395,33.385,16.569,1.964,0.608,0.000E+0,0,0.00,0.000E+0,0,-9.98,0.852,1.311,9.97,0.000E+0,0,0.0,0.0,50.00,169.42,69.12,17.09
231,3:05:08 PM,4.10,4.263,24.411,33.400,16.545,2.023,0.538,0.000E+0,0,0.00,0.000E+0,0,-9.98,0.854,1.314,10.00,0.000E+0,0,0.0,0.0,50.00,170.45,69.53,17.09
231,3:05:09 PM,4.09,4.266,24.452,33.446,16.523,2.166,0.627,0.000E+0,0,0.00,0.000E+0,0,-9.98,0.849,1.318,10.02,0.000E+0,0,0.0,0.0,50.00,171.03,69.77,17.09
231,3:05:10 PM,4.14,4.266,24.470,33.463,16.502,2.190,0.640,0.000E+0,0,0.00,0.000E+0,0,-9.98,0.856,1.322,10.06,0.000E+0,0,0.0,0.0,50.00,171.61,70.00,17.08
231,3:05:11 PM,4.24,4.263,24.470,33.455,16.479,2.178,0.691,0.000E+0,0,0.00,0.000E+0,0,-9.98,0.853,1.325,10.09,0.000E+0,0,0.0,0.0,50.00,172.28,70.25,17.07
231,3:05:12 PM,4.33,4.261,24.448,33.430,16.489,2.225,0.614,0.000E+0,0,0.00,0.000E+0,0,-9.98,0.855,1.329,10.13,0.000E+0,0,0.0,0.0,50.00,172.94,70.51,17.06
231,3:05:13 PM,4.33,4.261,24.448,33.430,16.489,2.237,0.608,0.000E+0,0,0.00,0.000E+0,0,-9.98,0.854,1.333,10.17,0.000E+0,0,0.0,0.0,50.00,172.94,70.51,17.06
231,3:05:14 PM,4.38,4.258,24.422,33.398,16.500,2.213,0.602,0.000E+0,0,0.00,0.000E+0,0,-9.98,0.855,1.336,10.19,0.000E+0,0,0.0,0.0,50.00,173.33,70.67,17.06
231,3:05:15 PM,4.41,4.255,24.400,33.371,16.504,2.213,0.576,0.000E+0,0,0.00,0.000E+0,0,-9.98,0.856,1.340,10.22,0.000E+0,0,0.0,0.0,50.00,173.34,70.67,17.05
231,3:05:16 PM,4.41,4.256,24.402,33.374,16.507,2.261,0.557,0.000E+0,0,0.00,0.000E+0,0,-9.98,0.855,1.344,10.24,0.000E+0,0,0.0,0.0,50.00,173.83,70.86,17.05
231,3:05:17 PM,4.41,4.255,24.405,33.374,16.492,2.404,0.544,0.000E+0,0,0.00,0.000E+0,0,-9.98,0.855,1.347,10.39,0.000E+0,0,0.0,0.0,50.00,173.83,70.86,17.05
231,3:05:18 PM,4.43,4.254,24.419,33.385,16.470,2.297,0.570,0.000E+0,0,0.00,0.000E+0,0,-9.98,0.856,1.351,10.39,0.000E+0,0,0.0,0.0,50.00,174.80,71.24,17.03
231,3:05:19 PM,4.43,4.254,24.419,33.385,16.470,2.297,0.570,0.000E+0,0,0.00,0.000E+0,0,-9.98,0.853,1.355,10.42,0.000E+0,0,0.0,0.0,50.00,174.80,71.24,17.03
231,3:05:20 PM,4.47,4.254,24.475,33.439,16.407,2.261,0.582,0.000E+0,0,0.00,0.000E+0,0,-9.98,0.849,1.358,10.42,0.000E+0,0,0.0,0.0,50.00,175.58,71.54,17.02
231,3:05:21 PM,4.47,4.254,24.475,33.439,16.407,2.213,0.525,0.000E+0,0,0.00,0.000E+0,0,-9.98,0.851,1.361,10.44,0.000E+0,0,0.0,0.0,50.00,175.58,71.54,17.02
231,3:05:22 PM,4.59,4.253,24.503,33.463,16.369,2.166,0.576,0.000E+0,0,0.00,0.000E+0,0,-9.98,0.853,1.365,10.46,0.000E+0,0,0.0,0.0,50.00,176.66,71.96,17.01
231,3:05:23 PM,4.59,4.253,24.503,33.463,16.369,2.118,0.570,0.000E+0,0,0.00,0.000E+0,0,-9.98,0.858,1.368,10.46,0.000E+0,0,0.0,0.0,50.00,176.66,71.96,17.01
231,3:05:24 PM,4.69,4.252,24.492,33.450,16.375,2.380,0.576,0.000E+0,0,0.00,0.000E+0,0,-9.98,0.860,1.371,10.50,0.000E+0,0,0.0,0.0,50.00,177.91,72.42,16.98
231,3:05:25 PM,4.69,4.252,24.492,33.450,16.375,2.511,0.595,0.000E+0,0,0.00,0.000E+0,0,-9.98,0.859,1.373,10.53,0.000E+0,0,0.0,0.0,50.00,177.91,72.42,16.98
231,3:05:26 PM,4.79,4.250,24.476,33.429,16.379,2.558,0.627,0.000E+0,0,0.00,0.000E+0,0,-9.98,0.857,1.376,10.57,0.000E+0,0,0.0,0.0,50.00,178.75,72.73,16.95
231,3:05:27 PM,4.86,4.248,24.468,33.417,16.375,2.582,0.589,0.000E+0,0,0.00,0.000E+0,0,-9.98,0.855,1.380,10.61,0.000E+0,0,0.0,0.0,50.00,178.75,72.73,16.95
231,3:05:28 PM,4.86,4.245,24.470,33.412,16.346,2.451,0.557,0.000E+0,0,0.00,0.000E+0,0,-9.98,0.855,1.383,10.62,0.000E+0,0,0.0,0.0,50.00,179.54,73.00,16.92
231,3:05:29 PM,4.81,4.242,24.462,33.398,16.334,2.404,0.512,0.000E+0,0,0.00,0.000E+0,0,-9.98,0.856,1.387,10.68,0.000E+0,0,0.0,0.0,50.00,179.54,73.00,16.92
231,3:05:31 PM,4.77,4.243,24.469,33.406,16.329,2.321,0.550,0.000E+0,0,0.00,0.000E+0,0,-9.98,0.856,1.390,10.68,0.000E+0,0,0.0,0.0,50.00,180.76,73.47,16.89
231,3:05:31 PM,4.77,4.243,24.469,33.406,16.329,2.511,0.525,0.000E+0,0,0.00,0.000E+0,0,-9.98,0.857,1.394,10.72,0.000E+0,0,0.0,0.0,50.00,180.76,73.47,16.89
231,3:05:32 PM,4.77,4.243,24.475,33.412,16.322,2.547,0.576,0.000E+0,0,0.00,0.000E+0,0,-9.98,0.857,1.397,10.83,0.000E+0,0,0.0,0.0,50.00,181.40,73.72,16.89
231,3:05:34 PM,4.84,4.243,24.478,33.415,16.321,2.547,0.576,0.000E+0,0,0.00,0.000E+0,0,-9.98,0.858,1.401,10.83,0.000E+0,0,0.0,0.0,50.00,182.52,74.17,16.88
231,3:05:35 PM,4.94,4.244,24.479,33.418,16.326,2.499,0.582,0.000E+0,0,0.00,0.000E+0,0,-9.98,0.855,1.405,10.83,0.000E+0,0,0.0,0.0,50.00,183.05,74.37,16.88
231,3:05:36 PM,5.02,4.244,24.473,33.411,16.334,2.392,0.557,0.000E+0,0,0.00,0.000E+0,0,-9.98,0.856,1.408,10.84,0.000E+0,0,0.0,0.0,50.00,183.88,74.70,16.87
231,3:05:37 PM,5.07,4.243,24.460,33.396,16.339,2.416,0.531,0.000E+0,0,0.00,0.000E+0,0,-9.98,0.855,1.411,10.88,0.000E+0,0,0.0,0.0,50.00,183.88,74.70,16.87
231,3:05:38 PM,5.07,4.243,24.460,33.396,16.339,2.582,0.531,0.000E+0,0,0.00,0.000E+0,0,-9.98,0.856,1.415,10.90,0.000E+0,0,0.0,0.0,50.00,184.32,74.87,16.86
231,3:05:39 PM,5.09,4.242,24.445,33.380,16.351,2.594,0.538,0.000E+0,0,0.00,0.000E+0,0,-9.98,0.857,1.418,10.94,0.000E+0,0,0.0,0.0,50.00,184.97,75.11,16.84
231,3:05:40 PM,5.12,4.241,24.444,33.376,16.343,2.999,0.531,0.000E+0,0,0.00,0.000E+0,0,-9.98,0.856,1.421,10.97,0.000E+0,0,0.0,0.0,50.00,184.97,75.11,16.84
231,3:05:41 PM,5.16,4.240,24.475,33.405,16.306,3.130,0.595,0.000E+0,0,0.00,0.000E+0,0,-9.98,0.851,1.425,10.99,0.000E+0,0,0.0,0.0,50.00,185.56,75.33,16.83
231,3:05:42 PM,5.20,4.239,24.476,33.404,16.298,2.868,0.531,0.000E+0,0,0.00,0.000E+0,0,-9.98,0.856,1.428,11.05,0.000E+0,0,0.0,0.0,50.00,185.56,75.33,16.83
231,3:05:43 PM,5.22,4.239,24.475,33.402,16.299,2.785,0.531,0.000E+0,0,0.00,0.000E+0,0,-9.98,0.855,1.431,11.05,0.000E+0,0,0.0,0.0,50.00,186.22,75.59,16.83
231,3:05:44 PM,5.22,4.239,24.475,33.402,16.299,2.868,0.518,0.000E+0,0,0.00,0.000E+0,0,-9.98,0.853,1.434,11.10,0.000E+0,0,0.0,0.0,50.00,186.22,75.59,16.83
231,3:05:44 PM,5.25,4.239,24.466,33.393,16.308,2.975,0.518,0.000E+0,0,0.00,0.000E+0,0,-9.98,0.855,1.437,11.19,0.000E+0,0,0.0,0.0,50.00,186.41,75.66,16.83
231,3:05:46 PM,5.38,4.240,24.469,33.397,16.310,2.844,0.582,0.000E+0,0,0.00,0.000E+0,0,-9.98,0.853,1.441,11.19,0.000E+0,0,0.0,0.0,50.00,187.08,75.91,16.81
231,3:05:47 PM,5.38,4.240,24.469,33.397,16.310,3.142,0.570,0.000E+0,0,0.00,0.000E+0,0,-9.98,0.849,1.444,11.19,0.000E+0,0,0.0,0.0,50.00,187.08,75.91,16.81
231,3:05:48 PM,5.38,4.239,24.460,33.386,16.314,2.820,0.531,0.000E+0,0,0.00,0.000E+0,0,-9.98,0.856,1.447,11.21,0.000E+0,0,0.0,0.0,50.00,187.90,76.19,16.78
231,3:05:48 PM,5.38,4.239,24.460,33.386,16.314,2.820,0.531,0.000E+0,0,0.00,0.000E+0,0,-9.98,0.856,1.447,11.21,0.000E+0,0,0.0,0.0,50.00,187.90,76.19,16.78
231,3:05:50 PM,5.38,4.239,24.457,33.383,16.316,3.118,0.506,0.000E+0,0,0.00,0.000E+0,0,-9.98,0.853,1.453,11.26,0.000E+0,0,0.0,0.0,50.00,188.51,76.43,16.77
231,3:05:50 PM,5.38,4.239,24.457,33.383,16.316,3.118,0.506,0.000E+0,0,0.00,0.000E+0,0,-9.98,0.853,1.453,11.26,0.000E+0,0,0.0,0.0,50.00,188.51,76.43,16.77
231,3:05:51 PM,5.41,4.239,24.459,33.386,16.318,2.999,0.525,0.000E+0,0,0.00,0.000E+0,0,-9.98,0.853,1.456,11.30,0.000E+0,0,0.0,0.0,50.00,189.36,76.77,16.76
231,3:05:52 PM,5.46,4.239,24.457,33.383,16.316,3.094,0.499,0.000E+0,0,0.00,0.000E+0,0,-9.98,0.856,1.459,11.34,0.000E+0,0,0.0,0.0,50.00,189.36,76.77,16.76
231,3:05:53 PM,5.56,4.239,24.458,33.382,16.314,2.975,0.518,0.000E+0,0,0.00,0.000E+0,0,-9.98,0.852,1.462,11.37,0.000E+0,0,0.0,0.0,50.00,190.24,77.10,16.75
231,3:05:54 PM,5.67,4.237,24.445,33.366,16.317,3.130,0.550,0.000E+0,0,0.00,0.000E+0,0,-9.98,0.854,1.465,11.41,0.000E+0,0,0.0,0.0,50.00,190.24,77.10,16.75
231,3:05:55 PM,5.67,4.237,24.445,33.366,16.317,3.094,0.525,0.000E+0,0,0.00,0.000E+0,0,-9.98,0.854,1.468,11.43,0.000E+0,0,0.0,0.0,50.00,190.84,77.29,16.71
231,3:05:56 PM,5.73,4.237,24.450,33.370,16.309,3.201,0.531,0.000E+0,0,0.00,0.000E+0,0,-9.98,0.851,1.471,11.47,0.000E+0,0,0.0,0.0,50.00,190.84,77.29,16.71
231,3:05:57 PM,5.72,4.231,24.431,33.338,16.285,3.189,0.506,0.000E+0,0,0.00,0.000E+0,0,-9.98,0.853,1.474,11.48,0.000E+0,0,0.0,0.0,50.00,191.65,77.56,16.67
231,3:05:58 PM,5.67,4.230,24.467,33.370,16.235,3.344,0.448,0.000E+0,0,0.00,0.000E+0,0,-9.98,0.852,1.477,11.52,0.000E+0,0,0.0,0.0,50.00,191.65,77.56,16.67
231,3:05:59 PM,5.63,4.231,24.500,33.404,16.205,3.094,0.480,0.000E+0,0,0.00,0.000E+0,0,-9.98,0.853,1.480,11.56,0.000E+0,0,0.0,0.0,50.00,192.75,78.01,16.67
231,3:06:00 PM,5.64,4.229,24.516,33.416,16.171,3.094,0.480,0.000E+0,0,0.00,0.000E+0,0,-9.98,0.853,1.483,11.59,0.000E+0,0,0.0,0.0,50.00,192.75,78.01,16.67
231,3:06:01 PM,5.64,4.229,24.516,33.416,16.171,3.356,0.499,0.000E+0,0,0.00,0.000E+0,0,-9.98,0.839,1.485,11.63,0.000E+0,0,0.0,0.0,50.00,193.48,78.30,16.67
231,3:06:02 PM,5.70,4.229,24.532,33.432,16.156,3.439,0.544,0.000E+0,0,0.00,0.000E+0,0,-9.98,0.851,1.488,11.72,0.000E+0,0,0.0,0.0,50.00,194.05,78.53,16.67
231,3:06:03 PM,5.96,4.226,24.522,33.413,16.142,2.999,0.474,0.000E+0,0,0.00,0.000E+0,0,-9.98,0.851,1.491,11.72,0.000E+0,0,0.0,0.0,50.00,195.19,78.95,16.65
231,3:06:04 PM,5.96,4.226,24.522,33.413,16.142,3.189,0.538,0.000E+0,0,0.00,0.000E+0,0,-9.98,0.851,1.494,11.72,0.000E+0,0,0.0,0.0,50.00,195.19,78.95,16.65
231,3:06:05 PM,6.04,4.223,24.527,33.412,16.118,3.046,0.506,0.000E+0,0,0.00,0.000E+0,0,-9.98,0.851,1.496,11.83,0.000E+0,0,0.0,0.0,50.00,195.62,79.11,16.63
231,3:06:06 PM,6.04,4.221,24.510,33.389,16.116,3.201,0.461,0.000E+0,0,0.00,0.000E+0,0,-9.98,0.853,1.499,11.83,0.000E+0,0,0.0,0.0,50.00,196.16,79.26,16.59
231,3:06:07 PM,6.04,4.221,24.510,33.389,16.116,3.201,0.461,0.000E+0,0,0.00,0.000E+0,0,-9.98,0.852,1.502,11.89,0.000E+0,0,0.0,0.0,50.00,196.16,79.26,16.59
231,3:06:08 PM,6.00,4.218,24.501,33.375,16.107,3.177,0.486,0.000E+0,0,0.00,0.000E+0,0,-9.98,0.849,1.505,11.89,0.000E+0,0,0.0,0.0,50.00,196.53,79.39,16.58
231,3:06:09 PM,6.00,4.217,24.524,33.395,16.075,2.999,0.480,0.000E+0,0,0.00,0.000E+0,0,-9.98,0.854,1.507,11.89,0.000E+0,0,0.0,0.0,50.00,196.53,79.39,16.58
231,3:06:10 PM,6.03,4.218,24.534,33.405,16.065,3.035,0.493,0.000E+0,0,0.00,0.000E+0,0,-9.98,0.852,1.510,11.90,0.000E+0,0,0.0,0.0,50.00,197.55,79.82,16.59
231,3:06:11 PM,6.09,4.217,24.532,33.402,16.063,3.189,0.499,0.000E+0,0,0.00,0.000E+0,0,-9.98,0.853,1.513,11.92,0.000E+0,0,0.0,0.0,50.00,197.55,79.82,16.59
231,3:06:12 PM,6.14,4.217,24.533,33.402,16.060,3.165,0.480,0.000E+0,0,0.00,0.000E+0,0,-9.98,0.850,1.516,11.96,0.000E+0,0,0.0,0.0,50.00,198.53,80.20,16.58
231,3:06:13 PM,6.14,4.217,24.533,33.402,16.060,3.165,0.480,0.000E+0,0,0.00,0.000E+0,0,-9.98,0.853,1.518,12.00,0.000E+0,0,0.0,0.0,50.00,198.53,80.20,16.58
231,3:06:14 PM,6.17,4.217,24.544,33.413,16.050,3.237,0.678,0.000E+0,0,0.00,0.000E+0,0,-9.98,0.846,1.521,12.07,0.000E+0,0,0.0,0.0,50.00,198.88,80.33,16.58
231,3:06:16 PM,6.19,4.216,24.534,33.401,16.056,2.999,0.493,0.000E+0,0,0.00,0.000E+0,0,-9.98,0.848,1.523,12.09,0.000E+0,0,0.0,0.0,50.00,199.74,80.67,16.57
231,3:06:17 PM,6.24,4.216,24.516,33.383,16.071,3.023,0.525,0.000E+0,0,0.00,0.000E+0,0,-9.98,0.849,1.526,12.11,0.000E+0,0,0.0,0.0,50.00,199.74,80.67,16.57
231,3:06:18 PM,6.32,4.216,24.503,33.371,16.089,2.927,0.506,0.000E+0,0,0.00,0.000E+0,0,-9.98,0.843,1.528,12.11,0.000E+0,0,0.0,0.0,50.00,200.28,80.85,16.54
231,3:06:19 PM,6.39,4.215,24.502,33.367,16.087,2.916,0.512,0.000E+0,0,0.00,0.000E+0,0,-9.98,0.850,1.531,12.14,0.000E+0,0,0.0,0.0,50.00,200.28,80.85,16.54
231,3:06:20 PM,6.39,4.215,24.502,33.367,16.087,3.082,0.563,0.000E+0,0,0.00,0.000E+0,0,-9.98,0.846,1.533,12.18,0.000E+0,0,0.0,0.0,50.00,200.85,81.05,16.53
231,3:06:21 PM,6.43,4.215,24.519,33.383,16.066,3.332,0.518,0.000E+0,0,0.00,0.000E+0,0,-9.98,0.849,1.536,12.22,0.000E+0,0,0.0,0.0,50.00,201.42,81.24,16.50
231,3:06:22 PM,6.44,4.214,24.537,33.397,16.033,3.463,0.531,0.000E+0,0,0.00,0.000E+0,0,-9.98,0.848,1.538,12.23,0.000E+0,0,0.0,0.0,50.00,201.42,81.24,16.50
231,3:06:23 PM,6.46,4.212,24.551,33.406,16.000,3.189,0.499,0.000E+0,0,0.00,0.000E+0,0,-9.98,0.851,1.541,12.27,0.000E+0,0,0.0,0.0,50.00,202.05,81.46,16.48
231,3:06:24 PM,6.50,4.212,24.560,33.414,15.991,2.916,0.506,0.000E+0,0,0.00,0.000E+0,0,-9.98,0.851,1.543,12.29,0.000E+0,0,0.0,0.0,50.00,202.05,81.46,16.48
231,3:06:25 PM,6.55,4.211,24.568,33.422,15.981,3.023,0.493,0.000E+0,0,0.00,0.000E+0,0,-9.98,0.848,1.545,12.33,0.000E+0,0,0.0,0.0,50.00,202.32,81.57,16.48
231,3:06:25 PM,6.55,4.211,24.568,33.422,15.981,3.023,0.493,0.000E+0,0,0.00,0.000E+0,0,-9.98,0.849,1.548,12.44,0.000E+0,0,0.0,0.0,50.00,202.32,81.57,16.48
231,3:06:26 PM,6.58,4.209,24.562,33.411,15.971,3.023,0.493,0.000E+0,0,0.00,0.000E+0,0,-9.98,0.849,1.548,12.44,0.000E+0,0,0.0,0.0,50.00,202.58,81.68,16.48
231,3:06:28 PM,6.64,4.208,24.570,33.416,15.956,3.035,0.557,0.000E+0,0,0.00,0.000E+0,0,-9.98,0.850,1.553,12.44,0.000E+0,0,0.0,0.0,50.00,203.06,81.87,16.48
231,3:06:29 PM,6.64,4.208,24.570,33.416,15.956,3.344,0.518,0.000E+0,0,0.00,0.000E+0,0,-9.98,0.846,1.555,12.45,0.000E+0,0,0.0,0.0,50.00,203.06,81.87,16.48
231,3:06:30 PM,6.66,4.208,24.562,33.407,15.957,3.380,0.480,0.000E+0,0,0.00,0.000E+0,0,-9.98,0.846,1.557,12.49,0.000E+0,0,0.0,0.0,50.00,203.43,82.01,16.47
231,3:06:31 PM,6.66,4.208,24.562,33.407,15.957,3.094,0.531,0.000E+0,0,0.00,0.000E+0,0,-9.98,0.842,1.559,12.51,0.000E+0,0,0.0,0.0,50.00,203.43,82.01,16.47
231,3:06:32 PM,6.70,4.207,24.546,33.391,15.975,3.154,0.557,0.000E+0,0,0.00,0.000E+0,0,-9.98,0.846,1.561,12.54,0.000E+0,0,0.0,0.0,50.00,203.88,82.16,16.45
231,3:06:32 PM,6.70,4.207,24.546,33.391,15.975,3.154,0.557,0.000E+0,0,0.00,0.000E+0,0,-9.98,0.846,1.561,12.54,0.000E+0,0,0.0,0.0,50.00,203.88,82.16,16.45
231,3:06:33 PM,6.76,4.207,24.538,33.383,15.983,3.023,0.486,0.000E+0,0,0.00,0.000E+0,0,-9.98,0.848,1.564,12.58,0.000E+0,0,0.0,0.0,50.00,203.88,82.16,16.45
231,3:06:34 PM,6.81,4.206,24.523,33.365,15.992,3.332,0.589,0.000E+0,0,0.00,0.000E+0,0,-9.98,0.849,1.566,12.60,0.000E+0,0,0.0,0.0,50.00,204.26,82.28,16.44
231,3:06:35 PM,6.86,4.205,24.534,33.373,15.972,3.546,0.499,0.000E+0,0,0.00,0.000E+0,0,-9.98,0.848,1.568,12.65,0.000E+0,0,0.0,0.0,50.00,204.26,82.28,16.44
231,3:06:36 PM,6.87,4.205,24.557,33.395,15.945,3.249,0.570,0.000E+0,0,0.00,0.000E+0,0,-9.98,0.843,1.571,12.65,0.000E+0,0,0.0,0.0,50.00,204.74,82.45,16.42
231,3:06:37 PM,6.87,4.205,24.557,33.395,15.945,3.118,0.474,0.000E+0,0,0.00,0.000E+0,0,-9.98,0.846,1.573,12.71,0.000E+0,0,0.0,0.0,50.00,204.74,82.45,16.42
231,3:06:38 PM,6.89,4.205,24.557,33.394,15.944,3.035,0.486,0.000E+0,0,0.00,0.000E+0,0,-9.98,0.844,1.575,12.73,0.000E+0,0,0.0,0.0,50.00,205.06,82.56,16.41
231,3:06:39 PM,6.94,4.203,24.547,33.381,15.944,3.284,0.499,0.000E+0,0,0.00,0.000E+0,0,-9.98,0.843,1.577,12.76,0.000E+0,0,0.0,0.0,50.00,205.27,82.63,16.40
231,3:06:40 PM,7.01,4.204,24.570,33.404,15.919,2.844,0.499,0.000E+0,0,0.00,0.000E+0,0,-9.98,0.844,1.579,12.80,0.000E+0,0,0.0,0.0,50.00,205.43,82.68,16.39
231,3:06:41 PM,7.07,4.203,24.570,33.402,15.914,2.963,0.518,0.000E+0,0,0.00,0.000E+0,0,-9.98,0.847,1.581,12.82,0.000E+0,0,0.0,0.0,50.00,205.72,82.80,16.39
231,3:06:42 PM,7.12,4.201,24.573,33.401,15.900,3.237,0.845,0.000E+0,0,0.00,0.000E+0,0,-9.98,0.845,1.583,12.87,0.000E+0,0,0.0,0.0,50.00,205.86,82.85,16.39
231,3:06:43 PM,7.12,4.201,24.573,33.401,15.900,2.963,0.499,0.000E+0,0,0.00,0.000E+0,0,-9.98,0.847,1.585,12.87,0.000E+0,0,0.0,0.0,50.00,205.86,82.85,16.39
231,3:06:44 PM,7.15,4.200,24.588,33.411,15.867,2.916,0.467,0.000E+0,0,0.00,0.000E+0,0,-9.98,0.846,1.587,12.93,0.000E+0,0,0.0,0.0,50.00,206.06,82.93,16.39
231,3:06:45 PM,7.15,4.199,24.613,33.433,15.834,2.963,0.506,0.000E+0,0,0.00,0.000E+0,0,-9.98,0.824,1.589,12.95,0.000E+0,0,0.0,0.0,50.00,206.37,83.05,16.38
231,3:06:46 PM,7.16,4.199,24.619,33.439,15.824,2.808,0.531,0.000E+0,0,0.00,0.000E+0,0,-9.98,0.846,1.590,12.98,0.000E+0,0,0.0,0.0,50.00,206.37,83.05,16.38
231,3:06:47 PM,7.22,4.199,24.625,33.446,15.823,2.916,0.672,0.000E+0,0,0.00,0.000E+0,0,-9.98,0.845,1.593,13.02,0.000E+0,0,0.0,0.0,50.00,206.69,83.15,16.37
231,3:06:48 PM,7.22,4.199,24.625,33.446,15.823,3.094,0.474,0.000E+0,0,0.00,0.000E+0,0,-9.98,0.846,1.595,13.04,0.000E+0,0,0.0,0.0,50.00,206.69,83.15,16.37
231,3:06:49 PM,7.22,4.199,24.625,33.446,15.823,3.201,0.512,0.000E+0,0,0.00,0.000E+0,0,-9.98,0.844,1.597,13.13,0.000E+0,0,0.0,0.0,50.00,206.96,83.25,16.36
231,3:06:50 PM,7.28,4.199,24.621,33.441,15.828,2.987,0.525,0.000E+0,0,0.00,0.000E+0,0,-9.98,0.844,1.599,13.18,0.000E+0,0,0.0,0.0,50.00,207.14,83.32,16.36
231,3:06:51 PM,7.41,4.197,24.559,33.377,15.884,2.796,0.531,0.000E+0,0,0.00,0.000E+0,0,-9.98,0.844,1.601,13.18,0.000E+0,0,0.0,0.0,50.00,207.50,83.44,16.34
231,3:06:52 PM,7.41,4.197,24.559,33.377,15.884,2.796,0.531,0.000E+0,0,0.00,0.000E+0,0,-9.98,0.837,1.602,13.18,0.000E+0,0,0.0,0.0,50.00,207.50,83.44,16.34
231,3:06:53 PM,7.45,4.196,24.552,33.367,15.884,2.654,0.557,0.000E+0,0,0.00,0.000E+0,0,-9.98,0.845,1.604,13.24,0.000E+0,0,0.0,0.0,50.00,208.01,83.63,16.34
231,3:06:54 PM,7.47,4.196,24.588,33.401,15.842,2.761,0.614,0.000E+0,0,0.00,0.000E+0,0,-9.98,0.840,1.606,13.24,0.000E+0,0,0.0,0.0,50.00,208.01,83.63,16.34
231,3:06:55 PM,7.47,4.196,24.588,33.401,15.842,2.618,0.570,0.000E+0,0,0.00,0.000E+0,0,-9.98,0.842,1.608,13.24,0.000E+0,0,0.0,0.0,50.00,208.24,83.71,16.33
231,3:06:56 PM,7.50,4.196,24.594,33.407,15.833,2.547,0.595,0.000E+0,0,0.00,0.000E+0,0,-9.98,0.810,1.608,13.26,0.000E+0,0,0.0,0.0,50.00,208.59,83.85,16.33
231,3:06:57 PM,7.52,4.195,24.618,33.427,15.797,2.606,0.646,0.000E+0,0,0.00,0.000E+0,0,-9.98,0.844,1.610,13.31,0.000E+0,0,0.0,0.0,50.00,208.59,83.85,16.33
231,3:06:59 PM,7.54,4.195,24.618,33.427,15.798,2.463,0.659,0.000E+0,0,0.00,0.000E+0,0,-9.98,0.844,1.612,13.31,0.000E+0,0,0.0,0.0,50.00,209.04,84.02,16.33
231,3:07:00 PM,7.56,4.194,24.626,33.434,15.784,2.666,0.666,0.000E+0,0,0.00,0.000E+0,0,-9.98,0.844,1.613,13.35,0.000E+0,0,0.0,0.0,50.00,209.04,84.02,16.33
231,3:07:01 PM,7.61,4.193,24.592,33.397,15.811,2.463,0.742,0.000E+0,0,0.00,0.000E+0,0,-9.98,0.846,1.615,13.39,0.000E+0,0,0.0,0.0,50.00,209.28,84.10,16.31
231,3:07:01 PM,7.61,4.193,24.592,33.397,15.811,2.368,0.742,0.000E+0,0,0.00,0.000E+0,0,-9.98,0.844,1.617,13.42,0.000E+0,0,0.0,0.0,50.00,209.28,84.10,16.31
231,3:07:03 PM,7.77,4.191,24.575,33.376,15.816,2.487,0.736,0.000E+0,0,0.00,0.000E+0,0,-9.98,0.840,1.619,13.46,0.000E+0,0,0.0,0.0,50.00,209.65,84.22,16.30
231,3:07:04 PM,7.77,4.191,24.575,33.376,15.816,2.356,0.819,0.000E+0,0,0.00,0.000E+0,0,-9.98,0.843,1.621,13.48,0.000E+0,0,0.0,0.0,50.00,209.65,84.22,16.30
231,3:07:05 PM,7.82,4.183,24.593,33.375,15.735,2.606,0.819,0.000E+0,0,0.00,0.000E+0,0,-9.98,0.837,1.623,13.51,0.000E+0,0,0.0,0.0,50.00,210.12,84.38,16.28
231,3:07:06 PM,7.82,4.183,24.593,33.375,15.735,2.618,0.851,0.000E+0,0,0.00,0.000E+0,0,-9.98,0.840,1.624,13.53,0.000E+0,0,0.0,0.0,50.00,210.12,84.38,16.28
231,3:07:07 PM,7.83,4.173,24.653,33.411,15.592,2.368,0.800,0.000E+0,0,0.00,0.000E+0,0,-9.98,0.836,1.626,13.57,0.000E+0,0,0.0,0.0,50.00,210.59,84.55,16.26
231,3:07:07 PM,7.83,4.173,24.653,33.411,15.592,2.368,0.800,0.000E+0,0,0.00,0.000E+0,0,-9.98,0.839,1.627,13.61,0.000E+0,0,0.0,0.0,50.00,210.59,84.55,16.26
231,3:07:08 PM,7.84,4.169,24.683,33.430,15.522,2.106,0.960,0.000E+0,0,0.00,0.000E+0,0,-9.98,0.840,1.629,13.72,0.000E+0,0,0.0,0.0,50.00,210.82,84.63,16.26
231,3:07:10 PM,7.95,4.167,24.699,33.442,15.492,2.190,0.960,0.000E+0,0,0.00,0.000E+0,0,-9.98,0.837,1.630,13.75,0.000E+0,0,0.0,0.0,50.00,211.11,84.72,16.24
231,3:07:11 PM,7.95,4.167,24.699,33.442,15.492,2.118,1.094,0.000E+0,0,0.00,0.000E+0,0,-9.98,0.833,1.632,13.75,0.000E+0,0,0.0,0.0,50.00,211.11,84.72,16.24
231,3:07:12 PM,8.01,4.165,24.711,33.448,15.463,2.392,1.069,0.000E+0,0,0.00,0.000E+0,0,-9.98,0.831,1.633,13.75,0.000E+0,0,0.0,0.0,50.00,211.43,84.82,16.23
231,3:07:13 PM,8.01,4.165,24.711,33.448,15.463,2.773,1.274,0.000E+0,0,0.00,0.000E+0,0,-9.98,0.831,1.634,13.75,0.000E+0,0,0.0,0.0,50.00,211.43,84.82,16.23
231,3:07:14 PM,8.03,4.161,24.690,33.419,15.456,2.321,1.005,0.000E+0,0,0.00,0.000E+0,0,-9.98,0.832,1.635,13.82,0.000E+0,0,0.0,0.0,50.00,211.48,84.83,16.22
231,3:07:15 PM,8.05,4.154,24.637,33.351,15.461,2.225,1.011,0.000E+0,0,0.00,0.000E+0,0,-9.98,0.831,1.636,13.90,0.000E+0,0,0.0,0.0,50.00,211.67,84.86,16.19
231,3:07:16 PM,8.05,4.154,24.637,33.351,15.461,2.213,1.030,0.000E+0,0,0.00,0.000E+0,0,-9.98,0.829,1.637,13.90,0.000E+0,0,0.0,0.0,50.00,211.67,84.86,16.19
231,3:07:17 PM,8.15,4.152,24.597,33.308,15.491,2.071,0.979,0.000E+0,0,0.00,0.000E+0,0,-9.98,0.824,1.638,13.90,0.000E+0,0,0.0,0.0,50.00,212.07,84.96,16.15
231,3:07:17 PM,8.15,4.152,24.597,33.308,15.491,2.071,0.979,0.000E+0,0,0.00,0.000E+0,0,-9.98,0.824,1.638,13.90,0.000E+0,0,0.0,0.0,50.00,212.07,84.96,16.15
231,3:07:18 PM,8.15,4.152,24.597,33.308,15.491,2.059,1.037,0.000E+0,0,0.00,0.000E+0,0,-9.98,0.826,1.639,13.93,0.000E+0,0,0.0,0.0,50.00,212.07,84.96,16.15
231,3:07:19 PM,8.15,4.152,24.597,33.308,15.491,2.059,1.037,0.000E+0,0,0.00,0.000E+0,0,-9.98,0.826,1.640,13.97,0.000E+0,0,0.0,0.0,50.00,212.28,85.00,16.13
231,3:07:20 PM,8.24,4.154,24.630,33.342,15.465,2.023,1.094,0.000E+0,0,0.00,0.000E+0,0,-9.98,0.821,1.640,14.01,0.000E+0,0,0.0,0.0,50.00,212.28,85.00,16.13
231,3:07:21 PM,8.34,4.149,24.654,33.354,15.399,1.975,1.005,0.000E+0,0,0.00,0.000E+0,0,-9.98,0.819,1.641,14.04,0.000E+0,0,0.0,0.0,50.00,212.48,85.05,16.11
231,3:07:22 PM,8.34,4.149,24.654,33.354,15.399,2.083,1.011,0.000E+0,0,0.00,0.000E+0,0,-9.98,0.818,1.641,14.04,0.000E+0,0,0.0,0.0,50.00,212.48,85.05,16.11
231,3:07:23 PM,8.36,4.144,24.710,33.398,15.300,2.202,1.011,0.000E+0,0,0.00,0.000E+0,0,-9.98,0.820,1.642,14.10,0.000E+0,0,0.0,0.0,50.00,212.95,85.19,16.08
231,3:07:24 PM,8.36,4.144,24.710,33.398,15.300,2.106,1.069,0.000E+0,0,0.00,0.000E+0,0,-9.98,0.820,1.642,14.12,0.000E+0,0,0.0,0.0,50.00,212.95,85.19,16.08
231,3:07:25 PM,8.38,4.143,24.716,33.402,15.284,2.047,1.069,0.000E+0,0,0.00,0.000E+0,0,-9.98,0.820,1.643,14.15,0.000E+0,0,0.0,0.0,50.00,212.72,85.05,16.05
231,3:07:26 PM,8.38,4.143,24.716,33.402,15.284,1.999,1.152,0.000E+0,0,0.00,0.000E+0,0,-9.98,0.820,1.643,14.19,0.000E+0,0,0.0,0.0,50.00,212.72,85.05,16.05
231,3:07:27 PM,8.45,4.144,24.676,33.364,15.334,2.202,1.190,0.000E+0,0,0.00,0.000E+0,0,-9.98,0.820,1.644,14.23,0.000E+0,0,0.0,0.0,50.00,212.66,85.00,16.04
231,3:07:28 PM,8.45,4.144,24.676,33.364,15.334,2.071,1.261,0.000E+0,0,0.00,0.000E+0,0,-9.98,0.822,1.644,14.26,0.000E+0,0,0.0,0.0,50.00,212.66,85.00,16.04
231,3:07:29 PM,8.54,4.143,24.662,33.349,15.349,1.821,1.222,0.000E+0,0,0.00,0.000E+0,0,-9.98,0.819,1.645,14.36,0.000E+0,0,0.0,0.0,50.00,212.79,85.03,16.03
231,3:07:30 PM,8.62,4.143,24.663,33.349,15.344,1.952,1.235,0.000E+0,0,0.00,0.000E+0,0,-9.98,0.820,1.645,14.36,0.000E+0,0,0.0,0.0,50.00,213.33,85.21,16.01
231,3:07:31 PM,8.62,4.143,24.663,33.349,15.344,1.952,1.235,0.000E+0,0,0.00,0.000E+0,0,-9.98,0.820,1.646,14.41,0.000E+0,0,0.0,0.0,50.00,213.33,85.21,16.01
231,3:07:32 PM,8.66,4.141,24.698,33.379,15.291,1.904,1.312,0.000E+0,0,0.00,0.000E+0,0,-9.98,0.815,1.646,14.41,0.000E+0,0,0.0,0.0,50.00,213.34,85.21,16.00
231,3:07:33 PM,8.66,4.141,24.698,33.379,15.291,1.868,1.549,0.000E+0,0,0.00,0.000E+0,0,-9.98,0.815,1.646,14.43,0.000E+0,0,0.0,0.0,50.00,213.34,85.21,16.00
231,3:07:34 PM,8.60,4.136,24.695,33.364,15.250,1.856,1.286,0.000E+0,0,0.00,0.000E+0,0,-9.98,0.816,1.647,14.45,0.000E+0,0,0.0,0.0,50.00,213.32,85.17,15.98
231,3:07:35 PM,8.60,4.136,24.695,33.364,15.250,2.023,1.248,0.000E+0,0,0.00,0.000E+0,0,-9.98,0.814,1.647,14.48,0.000E+0,0,0.0,0.0,50.00,213.32,85.17,15.98
231,3:07:36 PM,8.67,4.136,24.710,33.379,15.237,1.761,1.344,0.000E+0,0,0.00,0.000E+0,0,-9.98,0.808,1.647,14.56,0.000E+0,0,0.0,0.0,50.00,213.46,85.20,15.97
231,3:07:37 PM,8.67,4.136,24.710,33.379,15.237,1.761,1.344,0.000E+0,0,0.00,0.000E+0,0,-9.98,0.812,1.647,14.59,0.000E+0,0,0.0,0.0,50.00,213.46,85.20,15.97
231,3:07:38 PM,8.92,4.133,24.707,33.368,15.219,1.654,1.350,0.000E+0,0,0.00,0.000E+0,0,-9.98,0.808,1.646,14.61,0.000E+0,0,0.0,0.0,50.00,213.60,85.20,15.93
231,3:07:39 PM,8.92,4.133,24.707,33.368,15.219,1.595,1.427,0.000E+0,0,0.00,0.000E+0,0,-9.98,0.808,1.646,14.63,0.000E+0,0,0.0,0.0,50.00,213.60,85.20,15.93
231,3:07:40 PM,9.01,4.128,24.716,33.365,15.165,1.607,1.389,0.000E+0,0,0.00,0.000E+0,0,-9.98,0.806,1.646,14.63,0.000E+0,0,0.0,0.0,50.00,213.46,85.13,15.92
231,3:07:41 PM,9.01,4.128,24.716,33.365,15.165,1.499,1.370,0.000E+0,0,0.00,0.000E+0,0,-9.98,0.804,1.645,14.65,0.000E+0,0,0.0,0.0,50.00,213.46,85.13,15.92
231,3:07:43 PM,8.97,4.122,24.766,33.401,15.064,1.404,1.286,0.000E+0,0,0.00,0.000E+0,0,-9.98,0.806,1.645,14.70,0.000E+0,0,0.0,0.0,50.00,213.21,84.98,15.89
231,3:07:43 PM,8.97,4.122,24.766,33.401,15.064,1.404,1.286,0.000E+0,0,0.00,0.000E+0,0,-9.98,0.805,1.645,14.78,0.000E+0,0,0.0,0.0,50.00,213.21,84.98,15.89
231,3:07:45 PM,8.89,4.119,24.781,33.408,15.022,1.404,1.293,0.000E+0,0,0.00,0.000E+0,0,-9.98,0.804,1.644,14.78,0.000E+0,0,0.0,0.0,50.00,213.07,84.85,15.85
231,3:07:45 PM,8.89,4.119,24.781,33.408,15.022,1.404,1.293,0.000E+0,0,0.00,0.000E+0,0,-9.98,0.801,1.644,14.79,0.000E+0,0,0.0,0.0,50.00,213.07,84.85,15.85
231,3:07:46 PM,8.94,4.121,24.793,33.423,15.020,1.511,1.248,0.000E+0,0,0.00,0.000E+0,0,-9.98,0.799,1.643,14.87,0.000E+0,0,0.0,0.0,50.00,213.14,84.86,15.84
231,3:07:48 PM,9.03,4.118,24.790,33.414,15.000,1.547,1.395,0.000E+0,0,0.00,0.000E+0,0,-9.98,0.798,1.642,14.89,0.000E+0,0,0.0,0.0,50.00,212.65,84.66,15.84
231,3:07:49 PM,9.03,4.118,24.790,33.414,15.000,1.547,1.331,0.000E+0,0,0.00,0.000E+0,0,-9.98,0.800,1.641,14.89,0.000E+0,0,0.0,0.0,50.00,212.24,84.48,15.83
231,3:07:50 PM,9.14,4.113,24.763,33.377,14.996,1.464,1.402,0.000E+0,0,0.00,0.000E+0,0,-9.98,0.797,1.640,14.90,0.000E+0,0,0.0,0.0,50.00,211.66,84.18,15.79
231,3:07:51 PM,9.27,4.109,24.718,33.322,15.012,1.369,1.408,0.000E+0,0,0.00,0.000E+0,0,-9.98,0.798,1.640,14.92,0.000E+0,0,0.0,0.0,50.00,211.66,84.18,15.79
231,3:07:52 PM,9.36,4.107,24.708,33.308,15.013,1.404,1.395,0.000E+0,0,0.00,0.000E+0,0,-9.98,0.798,1.639,14.96,0.000E+0,0,0.0,0.0,50.00,211.24,83.98,15.76
231,3:07:53 PM,9.37,4.108,24.735,33.336,14.985,1.404,1.382,0.000E+0,0,0.00,0.000E+0,0,-9.98,0.799,1.638,15.00,0.000E+0,0,0.0,0.0,50.00,211.24,83.98,15.76
231,3:07:54 PM,9.32,4.106,24.737,33.334,14.972,1.559,1.331,0.000E+0,0,0.00,0.000E+0,0,-9.98,0.799,1.637,15.03,0.000E+0,0,0.0,0.0,50.00,210.93,83.80,15.73
231,3:07:55 PM,9.32,4.106,24.737,33.334,14.972,1.440,1.376,0.000E+0,0,0.00,0.000E+0,0,-9.98,0.797,1.636,15.07,0.000E+0,0,0.0,0.0,50.00,210.93,83.80,15.73
231,3:07:56 PM,9.25,4.105,24.773,33.368,14.917,1.345,1.306,0.000E+0,0,0.00,0.000E+0,0,-9.98,0.801,1.636,15.09,0.000E+0,0,0.0,0.0,50.00,210.30,83.52,15.71
231,3:07:57 PM,9.25,4.104,24.802,33.395,14.881,1.380,1.376,0.000E+0,0,0.00,0.000E+0,0,-9.98,0.798,1.635,15.12,0.000E+0,0,0.0,0.0,50.00,210.18,83.44,15.70
231,3:07:58 PM,9.32,4.104,24.810,33.402,14.872,1.440,1.395,0.000E+0,0,0.00,0.000E+0,0,-9.98,0.796,1.634,15.14,0.000E+0,0,0.0,0.0,50.00,210.08,83.37,15.68
231,3:07:59 PM,9.44,4.105,24.815,33.407,14.870,1.452,1.434,0.000E+0,0,0.00,0.000E+0,0,-9.98,0.797,1.633,15.18,0.000E+0,0,0.0,0.0,50.00,209.94,83.29,15.66
231,3:08:00 PM,9.56,4.104,24.814,33.404,14.865,1.428,1.504,0.000E+0,0,0.00,0.000E+0,0,-9.98,0.797,1.632,15.21,0.000E+0,0,0.0,0.0,50.00,209.80,83.21,15.65
231,3:08:01 PM,9.56,4.104,24.814,33.404,14.865,1.488,1.440,0.000E+0,0,0.00,0.000E+0,0,-9.98,0.795,1.631,15.23,0.000E+0,0,0.0,0.0,50.00,209.80,83.21,15.65
231,3:08:02 PM,9.64,4.103,24.794,33.381,14.880,1.464,1.446,0.000E+0,0,0.00,0.000E+0,0,-9.98,0.795,1.630,15.29,0.000E+0,0,0.0,0.0,50.00,209.42,83.02,15.62
231,3:08:02 PM,9.64,4.103,24.794,33.381,14.880,1.464,1.446,0.000E+0,0,0.00,0.000E+0,0,-9.98,0.795,1.630,15.29,0.000E+0,0,0.0,0.0,50.00,209.42,83.02,15.62
231,3:08:03 PM,9.65,4.103,24.788,33.375,14.884,1.369,1.459,0.000E+0,0,0.00,0.000E+0,0,-9.98,0.794,1.629,15.29,0.000E+0,0,0.0,0.0,50.00,209.28,82.95,15.61
231,3:08:04 PM,9.61,4.102,24.786,33.372,14.882,1.428,1.536,0.000E+0,0,0.00,0.000E+0,0,-9.98,0.796,1.628,15.32,0.000E+0,0,0.0,0.0,50.00,209.22,82.90,15.60
231,3:08:05 PM,9.56,4.102,24.785,33.370,14.881,1.464,1.574,0.000E+0,0,0.00,0.000E+0,0,-9.98,0.795,1.627,15.36,0.000E+0,0,0.0,0.0,50.00,208.89,82.75,15.59
231,3:08:06 PM,9.56,4.102,24.788,33.373,14.878,1.440,1.619,0.000E+0,0,0.00,0.000E+0,0,-9.98,0.795,1.626,15.40,0.000E+0,0,0.0,0.0,50.00,208.66,82.65,15.58
231,3:08:07 PM,9.56,4.102,24.788,33.373,14.878,1.428,1.638,0.000E+0,0,0.00,0.000E+0,0,-9.98,0.795,1.625,15.43,0.000E+0,0,0.0,0.0,50.00,208.66,82.65,15.58
231,3:08:08 PM,9.65,4.102,24.773,33.359,14.897,1.452,1.594,0.000E+0,0,0.00,0.000E+0,0,-9.98,0.795,1.624,15.45,0.000E+0,0,0.0,0.0,50.00,208.21,82.44,15.56
231,3:08:09 PM,9.77,4.100,24.762,33.343,14.893,1.309,1.843,0.000E+0,0,0.00,0.000E+0,0,-9.98,0.790,1.623,15.51,0.000E+0,0,0.0,0.0,50.00,208.01,82.35,15.55
231,3:08:10 PM,9.88,4.098,24.776,33.352,14.860,1.285,1.792,0.000E+0,0,0.00,0.000E+0,0,-9.98,0.793,1.622,15.51,0.000E+0,0,0.0,0.0,50.00,207.85,82.27,15.54
231,3:08:11 PM,9.93,4.096,24.777,33.349,14.848,1.321,1.798,0.000E+0,0,0.00,0.000E+0,0,-9.98,0.790,1.620,15.56,0.000E+0,0,0.0,0.0,50.00,207.60,82.16,15.53
231,3:08:12 PM,9.94,4.096,24.768,33.340,14.856,1.321,1.798,0.000E+0,0,0.00,0.000E+0,0,-9.98,0.789,1.619,15.58,0.000E+0,0,0.0,0.0,50.00,207.60,82.16,15.53
231,3:08:13 PM,9.94,4.096,24.768,33.340,14.856,1.380,1.811,0.000E+0,0,0.00,0.000E+0,0,-9.98,0.786,1.618,15.62,0.000E+0,0,0.0,0.0,50.00,207.28,82.02,15.53
231,3:08:14 PM,9.91,4.096,24.774,33.346,14.851,1.380,1.882,0.000E+0,0,0.00,0.000E+0,0,-9.98,0.790,1.616,15.65,0.000E+0,0,0.0,0.0,50.00,206.66,81.75,15.51
231,3:08:15 PM,9.91,4.096,24.774,33.346,14.851,1.321,1.978,0.000E+0,0,0.00,0.000E+0,0,-9.98,0.787,1.615,15.67,0.000E+0,0,0.0,0.0,50.00,206.66,81.75,15.51
231,3:08:16 PM,9.97,4.095,24.806,33.374,14.807,1.285,1.882,0.000E+0,0,0.00,0.000E+0,0,-9.98,0.786,1.613,15.73,0.000E+0,0,0.0,0.0,50.00,206.29,81.53,15.47
231,3:08:17 PM,9.97,4.095,24.806,33.374,14.807,1.380,1.773,0.000E+0,0,0.00,0.000E+0,0,-9.98,0.788,1.612,15.73,0.000E+0,0,0.0,0.0,50.00,206.29,81.53,15.47
231,3:08:18 PM,10.03,4.095,24.828,33.397,14.783,1.369,2.054,0.000E+0,0,0.00,0.000E+0,0,-9.98,0.786,1.610,15.85,0.000E+0,0,0.0,0.0,50.00,206.29,81.50,15.45
231,3:08:19 PM,10.03,4.095,24.828,33.397,14.783,1.369,1.946,0.000E+0,0,0.00,0.000E+0,0,-9.98,0.783,1.608,15.87,0.000E+0,0,0.0,0.0,50.00,205.56,81.17,15.42
231,3:08:20 PM,10.10,4.095,24.829,33.396,14.781,1.369,1.894,0.000E+0,0,0.00,0.000E+0,0,-9.98,0.785,1.606,15.87,0.000E+0,0,0.0,0.0,50.00,205.12,80.98,15.41
231,3:08:21 PM,10.17,4.094,24.820,33.385,14.785,1.297,1.997,0.000E+0,0,0.00,0.000E+0,0,-9.98,0.779,1.607,15.87,0.000E+0,0,0.0,0.0,50.00,204.61,80.77,15.41
231,3:08:22 PM,10.21,4.093,24.815,33.379,14.782,1.309,1.933,0.000E+0,0,0.00,0.000E+0,0,-9.98,0.783,1.607,15.87,0.000E+0,0,0.0,0.0,50.00,204.22,80.60,15.40
231,3:08:23 PM,10.24,4.092,24.812,33.373,14.777,1.321,1.946,0.000E+0,0,0.00,0.000E+0,0,-9.98,0.782,1.605,15.89,0.000E+0,0,0.0,0.0,50.00,203.80,80.42,15.39
231,3:08:24 PM,10.27,4.091,24.788,33.346,14.793,1.357,1.914,0.000E+0,0,0.00,0.000E+0,0,-9.98,0.778,1.606,15.93,0.000E+0,0,0.0,0.0,50.00,203.44,80.26,15.38
231,3:08:25 PM,10.27,4.091,24.788,33.346,14.793,1.357,2.061,0.000E+0,0,0.00,0.000E+0,0,-9.98,0.779,1.608,15.95,0.000E+0,0,0.0,0.0,50.00,203.44,80.26,15.38
231,3:08:26 PM,10.34,4.092,24.808,33.367,14.778,1.357,2.259,0.000E+0,0,0.00,0.000E+0,0,-9.98,0.781,1.610,15.98,0.000E+0,0,0.0,0.0,50.00,202.65,79.93,15.37
231,3:08:27 PM,10.34,4.092,24.808,33.367,14.778,1.321,1.971,0.000E+0,0,0.00,0.000E+0,0,-9.98,0.778,1.613,16.02,0.000E+0,0,0.0,0.0,50.00,202.65,79.93,15.37
231,3:08:29 PM,10.37,4.092,24.822,33.381,14.761,1.357,2.029,0.000E+0,0,0.00,0.000E+0,0,-9.98,0.779,1.615,16.04,0.000E+0,0,0.0,0.0,50.00,202.06,79.66,15.35
231,3:08:30 PM,10.37,4.092,24.822,33.381,14.761,1.285,2.118,0.000E+0,0,0.00,0.000E+0,0,-9.98,0.781,1.616,16.09,0.000E+0,0,0.0,0.0,50.00,202.06,79.66,15.35
231,3:08:31 PM,10.39,4.091,24.831,33.389,14.751,1.250,1.971,0.000E+0,0,0.00,0.000E+0,0,-9.98,0.778,1.616,16.09,0.000E+0,0,0.0,0.0,50.00,200.89,79.18,15.33
231,3:08:31 PM,10.39,4.091,24.831,33.389,14.751,1.226,1.818,0.000E+0,0,0.00,0.000E+0,0,-9.98,0.776,1.619,16.15,0.000E+0,0,0.0,0.0,50.00,200.89,79.18,15.33
231,3:08:32 PM,10.38,4.091,24.827,33.383,14.749,1.357,1.658,0.000E+0,0,0.00,0.000E+0,0,-9.98,0.774,1.621,16.06,0.000E+0,0,0.0,0.0,50.00,200.27,78.91,15.31
231,3:08:34 PM,10.29,4.092,24.842,33.401,14.740,1.250,1.875,0.000E+0,0,0.00,0.000E+0,0,-9.98,0.777,1.623,16.06,0.000E+0,0,0.0,0.0,50.00,198.03,77.98,15.28
231,3:08:34 PM,10.29,4.092,24.842,33.401,14.740,1.250,1.875,0.000E+0,0,0.00,0.000E+0,0,-9.98,0.778,1.625,16.06,0.000E+0,0,0.0,0.0,50.00,198.03,77.98,15.28
231,3:08:36 PM,10.23,4.093,24.852,33.414,14.739,1.333,1.792,0.000E+0,0,0.00,0.000E+0,0,-9.98,0.777,1.627,15.98,0.000E+0,0,0.0,0.0,50.00,196.49,77.33,15.26
231,3:08:36 PM,10.23,4.093,24.852,33.414,14.739,1.333,1.792,0.000E+0,0,0.00,0.000E+0,0,-9.98,0.779,1.629,15.96,0.000E+0,0,0.0,0.0,50.00,196.49,77.33,15.26
231,3:08:38 PM,10.12,4.092,24.845,33.406,14.739,1.297,1.786,0.000E+0,0,0.00,0.000E+0,0,-9.98,0.784,1.629,15.91,0.000E+0,0,0.0,0.0,50.00,194.99,76.70,15.23
231,3:08:38 PM,10.12,4.092,24.845,33.406,14.739,1.297,1.786,0.000E+0,0,0.00,0.000E+0,0,-9.98,0.786,1.627,15.89,0.000E+0,0,0.0,0.0,50.00,194.99,76.70,15.23
231,3:08:40 PM,10.08,4.094,24.855,33.419,14.743,1.321,1.824,0.000E+0,0,0.00,0.000E+0,0,-9.98,0.786,1.626,15.80,0.000E+0,0,0.0,0.0,50.00,193.48,76.09,15.22
231,3:08:41 PM,10.08,4.094,24.855,33.419,14.743,1.511,1.907,0.000E+0,0,0.00,0.000E+0,0,-9.98,0.785,1.624,15.80,0.000E+0,0,0.0,0.0,50.00,193.48,76.09,15.22
231,3:08:42 PM,10.05,4.094,24.857,33.423,14.743,1.369,1.702,0.000E+0,0,0.00,0.000E+0,0,-9.98,0.785,1.622,15.80,0.000E+0,0,0.0,0.0,50.00,191.74,75.40,15.22
231,3:08:43 PM,10.05,4.094,24.857,33.423,14.743,1.369,1.702,0.000E+0,0,0.00,0.000E+0,0,-9.98,0.783,1.620,15.80,0.000E+0,0,0.0,0.0,50.00,191.74,75.40,15.22
231,3:08:43 PM,10.05,4.094,24.857,33.423,14.743,1.369,1.702,0.000E+0,0,0.00,0.000E+0,0,-9.98,0.783,1.620,15.65,0.000E+0,0,0.0,0.0,50.00,191.74,75.40,15.22
231,3:08:45 PM,9.94,4.094,24.846,33.411,14.751,1.392,1.555,0.000E+0,0,0.00,0.000E+0,0,-9.98,0.785,1.617,15.65,0.000E+0,0,0.0,0.0,50.00,190.30,74.83,15.21
231,3:08:46 PM,9.81,4.094,24.839,33.406,14.761,1.404,1.574,0.000E+0,0,0.00,0.000E+0,0,-9.98,0.787,1.615,15.65,0.000E+0,0,0.0,0.0,50.00,188.72,74.19,15.21
231,3:08:46 PM,9.81,4.094,24.839,33.406,14.761,1.404,1.574,0.000E+0,0,0.00,0.000E+0,0,-9.98,0.787,1.615,15.65,0.000E+0,0,0.0,0.0,50.00,188.72,74.19,15.21
231,3:08:47 PM,9.81,4.094,24.839,33.406,14.761,1.666,1.446,0.000E+0,0,0.00,0.000E+0,0,-9.98,0.784,1.613,15.62,0.000E+0,0,0.0,0.0,50.00,188.72,74.19,15.21
231,3:08:48 PM,9.73,4.097,24.852,33.424,14.765,1.488,1.555,0.000E+0,0,0.00,0.000E+0,0,-9.98,0.785,1.612,15.58,0.000E+0,0,0.0,0.0,50.00,187.26,73.61,15.20
231,3:08:49 PM,9.73,4.097,24.852,33.424,14.765,1.440,1.677,0.000E+0,0,0.00,0.000E+0,0,-9.98,0.787,1.610,15.54,0.000E+0,0,0.0,0.0,50.00,187.26,73.61,15.20
231,3:08:50 PM,9.65,4.098,24.862,33.437,14.767,1.476,1.414,0.000E+0,0,0.00,0.000E+0,0,-9.98,0.789,1.609,15.51,0.000E+0,0,0.0,0.0,50.00,185.70,72.99,15.19
231,3:08:51 PM,9.63,4.098,24.859,33.434,14.767,1.428,1.446,0.000E+0,0,0.00,0.000E+0,0,-9.98,0.787,1.607,15.47,0.000E+0,0,0.0,0.0,50.00,185.70,72.99,15.19
231,3:08:52 PM,9.64,4.098,24.854,33.429,14.771,1.345,1.389,0.000E+0,0,0.00,0.000E+0,0,-9.98,0.787,1.606,15.43,0.000E+0,0,0.0,0.0,50.00,184.35,72.46,15.19
231,3:08:53 PM,9.66,4.098,24.851,33.426,14.777,1.369,1.376,0.000E+0,0,0.00,0.000E+0,0,-9.98,0.786,1.604,15.38,0.000E+0,0,0.0,0.0,50.00,184.35,72.46,15.19
231,3:08:54 PM,9.65,4.098,24.847,33.424,14.783,1.523,1.440,0.000E+0,0,0.00,0.000E+0,0,-9.98,0.789,1.603,15.36,0.000E+0,0,0.0,0.0,50.00,183.22,72.01,15.19
231,3:08:55 PM,9.65,4.098,24.847,33.424,14.783,1.523,1.440,0.000E+0,0,0.00,0.000E+0,0,-9.98,0.788,1.602,15.21,0.000E+0,0,0.0,0.0,50.00,183.22,72.01,15.19
231,3:08:56 PM,9.58,4.097,24.836,33.410,14.786,1.488,1.523,0.000E+0,0,0.00,0.000E+0,0,-9.98,0.788,1.601,15.20,0.000E+0,0,0.0,0.0,50.00,182.59,71.76,15.19
231,3:08:57 PM,9.35,4.100,24.847,33.429,14.797,1.392,1.350,0.000E+0,0,0.00,0.000E+0,0,-9.98,0.782,1.599,15.18,0.000E+0,0,0.0,0.0,50.00,181.70,71.40,15.18
231,3:08:58 PM,9.35,4.100,24.847,33.429,14.797,1.488,1.254,0.000E+0,0,0.00,0.000E+0,0,-9.98,0.788,1.598,15.11,0.000E+0,0,0.0,0.0,50.00,181.70,71.40,15.18
231,3:08:59 PM,9.24,4.101,24.838,33.423,14.817,1.452,1.485,0.000E+0,0,0.00,0.000E+0,0,-9.98,0.791,1.597,15.09,0.000E+0,0,0.0,0.0,50.00,180.78,71.05,15.19
231,3:09:00 PM,9.24,4.101,24.838,33.423,14.817,1.476,1.376,0.000E+0,0,0.00,0.000E+0,0,-9.98,0.787,1.595,15.09,0.000E+0,0,0.0,0.0,50.00,180.78,71.05,15.19
231,3:09:01 PM,9.24,4.101,24.838,33.423,14.817,1.571,1.357,0.000E+0,0,0.00,0.000E+0,0,-9.98,0.789,1.594,15.01,0.000E+0,0,0.0,0.0,50.00,180.06,70.77,15.19
231,3:09:02 PM,9.24,4.101,24.824,33.408,14.826,1.607,1.402,0.000E+0,0,0.00,0.000E+0,0,-9.98,0.791,1.593,15.01,0.000E+0,0,0.0,0.0,50.00,180.06,70.77,15.19
231,3:09:03 PM,9.20,4.100,24.816,33.398,14.829,1.511,1.338,0.000E+0,0,0.00,0.000E+0,0,-9.98,0.787,1.592,14.94,0.000E+0,0,0.0,0.0,50.00,179.36,70.49,15.19
231,3:09:04 PM,9.20,4.100,24.816,33.398,14.829,1.440,1.325,0.000E+0,0,0.00,0.000E+0,0,-9.98,0.789,1.590,14.94,0.000E+0,0,0.0,0.0,50.00,179.36,70.49,15.19
231,3:09:05 PM,9.15,4.102,24.831,33.417,14.826,1.440,1.325,0.000E+0,0,0.00,0.000E+0,0,-9.98,0.786,1.589,14.87,0.000E+0,0,0.0,0.0,50.00,178.68,70.22,15.18
231,3:09:06 PM,9.10,4.104,24.843,33.434,14.827,1.523,1.274,0.000E+0,0,0.00,0.000E+0,0,-9.98,0.787,1.588,14.87,0.000E+0,0,0.0,0.0,50.00,178.68,70.22,15.18
231,3:09:07 PM,9.10,4.104,24.843,33.434,14.827,1.464,1.229,0.000E+0,0,0.00,0.000E+0,0,-9.98,0.791,1.586,14.85,0.000E+0,0,0.0,0.0,50.00,178.43,70.12,15.18
231,3:09:08 PM,9.06,4.105,24.849,33.442,14.830,1.499,1.235,0.000E+0,0,0.00,0.000E+0,0,-9.98,0.788,1.585,14.83,0.000E+0,0,0.0,0.0,50.00,177.81,69.87,15.18
231,3:09:09 PM,9.04,4.110,24.880,33.483,14.834,1.499,1.242,0.000E+0,0,0.00,0.000E+0,0,-9.98,0.791,1.584,14.78,0.000E+0,0,0.0,0.0,50.00,177.81,69.87,15.18
231,3:09:10 PM,8.98,4.110,24.881,33.486,14.837,1.511,1.165,0.000E+0,0,0.00,0.000E+0,0,-9.98,0.789,1.583,14.76,0.000E+0,0,0.0,0.0,50.00,177.25,69.65,15.18
231,3:09:11 PM,8.89,4.108,24.856,33.456,14.845,1.559,1.146,0.000E+0,0,0.00,0.000E+0,0,-9.98,0.789,1.582,14.70,0.000E+0,0,0.0,0.0,50.00,177.25,69.65,15.18
231,3:09:13 PM,8.81,4.107,24.833,33.431,14.861,1.559,1.242,0.000E+0,0,0.00,0.000E+0,0,-9.98,0.787,1.581,14.67,0.000E+0,0,0.0,0.0,50.00,176.57,69.38,15.18
231,3:09:14 PM,8.81,4.107,24.833,33.431,14.861,1.440,1.267,0.000E+0,0,0.00,0.000E+0,0,-9.98,0.791,1.579,14.63,0.000E+0,0,0.0,0.0,50.00,176.57,69.38,15.18
231,3:09:15 PM,8.72,4.109,24.814,33.418,14.899,1.464,1.242,0.000E+0,0,0.00,0.000E+0,0,-9.98,0.790,1.578,14.59,0.000E+0,0,0.0,0.0,50.00,176.04,69.17,15.18
231,3:09:16 PM,8.72,4.109,24.814,33.418,14.899,1.511,1.306,0.000E+0,0,0.00,0.000E+0,0,-9.98,0.790,1.577,14.56,0.000E+0,0,0.0,0.0,50.00,176.04,69.17,15.18
231,3:09:17 PM,8.68,4.110,24.834,33.442,14.889,1.595,1.216,0.000E+0,0,0.00,0.000E+0,0,-9.98,0.788,1.576,14.52,0.000E+0,0,0.0,0.0,50.00,175.59,68.99,15.18
231,3:09:18 PM,8.66,4.111,24.837,33.446,14.890,1.785,1.299,0.000E+0,0,0.00,0.000E+0,0,-9.98,0.790,1.575,14.48,0.000E+0,0,0.0,0.0,50.00,175.29,68.88,15.18
231,3:09:19 PM,8.65,4.112,24.836,33.447,14.900,1.654,1.222,0.000E+0,0,0.00,0.000E+0,0,-9.98,0.787,1.574,14.45,0.000E+0,0,0.0,0.0,50.00,174.73,68.66,15.18
231,3:09:20 PM,8.65,4.112,24.836,33.447,14.900,1.571,1.171,0.000E+0,0,0.00,0.000E+0,0,-9.98,0.790,1.573,14.41,0.000E+0,0,0.0,0.0,50.00,174.73,68.66,15.18
231,3:09:21 PM,8.55,4.118,24.857,33.481,14.922,1.571,1.210,0.000E+0,0,0.00,0.000E+0,0,-9.98,0.788,1.572,14.37,0.000E+0,0,0.0,0.0,50.00,174.22,68.46,15.18
231,3:09:22 PM,8.55,4.118,24.857,33.481,14.922,1.476,1.229,0.000E+0,0,0.00,0.000E+0,0,-9.98,0.791,1.571,14.34,0.000E+0,0,0.0,0.0,50.00,174.22,68.46,15.18
231,3:09:23 PM,8.42,4.122,24.866,33.499,14.942,1.666,1.146,0.000E+0,0,0.00,0.000E+0,0,-9.98,0.789,1.570,14.30,0.000E+0,0,0.0,0.0,50.00,173.69,68.25,15.18
231,3:09:24 PM,8.42,4.122,24.866,33.499,14.942,1.702,1.158,0.000E+0,0,0.00,0.000E+0,0,-9.98,0.788,1.568,14.26,0.000E+0,0,0.0,0.0,50.00,173.69,68.25,15.18
231,3:09:25 PM,8.36,4.123,24.874,33.510,14.944,1.654,1.229,0.000E+0,0,0.00,0.000E+0,0,-9.98,0.789,1.567,14.21,0.000E+0,0,0.0,0.0,50.00,173.31,68.11,15.19
231,3:09:26 PM,8.36,4.123,24.874,33.510,14.944,1.797,1.274,0.000E+0,0,0.00,0.000E+0,0,-9.98,0.787,1.566,14.19,0.000E+0,0,0.0,0.0,50.00,173.31,68.11,15.19
231,3:09:27 PM,8.29,4.122,24.837,33.472,14.976,1.642,1.216,0.000E+0,0,0.00,0.000E+0,0,-9.98,0.791,1.565,14.14,0.000E+0,0,0.0,0.0,50.00,173.03,68.01,15.19
231,3:09:28 PM,8.29,4.122,24.837,33.472,14.976,1.654,1.216,0.000E+0,0,0.00,0.000E+0,0,-9.98,0.793,1.564,14.12,0.000E+0,0,0.0,0.0,50.00,173.03,68.01,15.19
231,3:09:29 PM,8.21,4.129,24.887,33.538,14.979,1.678,1.235,0.000E+0,0,0.00,0.000E+0,0,-9.98,0.790,1.563,14.04,0.000E+0,0,0.0,0.0,50.00,172.74,67.91,15.20
231,3:09:30 PM,8.21,4.129,24.887,33.538,14.979,1.737,1.216,0.000E+0,0,0.00,0.000E+0,0,-9.98,0.789,1.562,14.03,0.000E+0,0,0.0,0.0,50.00,172.74,67.91,15.20
231,3:09:31 PM,8.21,4.129,24.887,33.538,14.979,1.737,1.286,0.000E+0,0,0.00,0.000E+0,0,-9.98,0.789,1.561,13.97,0.000E+0,0,0.0,0.0,50.00,172.50,67.82,15.21
231,3:09:31 PM,8.21,4.129,24.887,33.538,14.979,1.737,1.286,0.000E+0,0,0.00,0.000E+0,0,-9.98,0.789,1.561,13.97,0.000E+0,0,0.0,0.0,50.00,172.50,67.82,15.21
231,3:09:33 PM,8.15,4.133,24.892,33.550,14.998,1.714,1.152,0.000E+0,0,0.00,0.000E+0,0,-9.98,0.786,1.559,13.90,0.000E+0,0,0.0,0.0,50.00,172.27,67.73,15.21
231,3:09:33 PM,8.15,4.133,24.892,33.550,14.998,1.714,1.152,0.000E+0,0,0.00,0.000E+0,0,-9.98,0.786,1.559,13.90,0.000E+0,0,0.0,0.0,50.00,172.27,67.73,15.21
231,3:09:34 PM,8.10,4.135,24.897,33.562,15.011,1.773,1.286,0.000E+0,0,0.00,0.000E+0,0,-9.98,0.789,1.558,13.88,0.000E+0,0,0.0,0.0,50.00,172.27,67.73,15.21
231,3:09:35 PM,8.04,4.141,24.922,33.600,15.033,1.880,1.152,0.000E+0,0,0.00,0.000E+0,0,-9.98,0.792,1.557,13.82,0.000E+0,0,0.0,0.0,50.00,172.13,67.69,15.22
231,3:09:36 PM,7.97,4.143,24.942,33.623,15.020,1.916,1.165,0.000E+0,0,0.00,0.000E+0,0,-9.98,0.793,1.556,13.81,0.000E+0,0,0.0,0.0,50.00,172.13,67.69,15.22
231,3:09:37 PM,7.97,4.143,24.942,33.623,15.020,1.809,1.133,0.000E+0,0,0.00,0.000E+0,0,-9.98,0.792,1.556,13.75,0.000E+0,0,0.0,0.0,50.00,172.22,67.73,15.22
231,3:09:38 PM,7.89,4.145,24.948,33.634,15.032,1.761,1.082,0.000E+0,0,0.00,0.000E+0,0,-9.98,0.790,1.555,13.72,0.000E+0,0,0.0,0.0,50.00,172.17,67.72,15.23
231,3:09:39 PM,7.83,4.150,24.985,33.681,15.028,1.785,1.088,0.000E+0,0,0.00,0.000E+0,0,-9.98,0.793,1.554,13.68,0.000E+0,0,0.0,0.0,50.00,172.25,67.77,15.24
231,3:09:40 PM,7.80,4.152,24.968,33.670,15.067,1.856,1.082,0.000E+0,0,0.00,0.000E+0,0,-9.98,0.796,1.553,13.64,0.000E+0,0,0.0,0.0,50.00,172.56,67.91,15.25
231,3:09:41 PM,7.77,4.152,24.958,33.660,15.074,1.785,1.126,0.000E+0,0,0.00,0.000E+0,0,-9.98,0.800,1.553,13.61,0.000E+0,0,0.0,0.0,50.00,172.80,68.01,15.26
231,3:09:42 PM,7.73,4.151,24.944,33.643,15.080,1.809,1.030,0.000E+0,0,0.00,0.000E+0,0,-9.98,0.802,1.553,13.57,0.000E+0,0,0.0,0.0,50.00,173.18,68.17,15.27
231,3:09:43 PM,7.73,4.151,24.944,33.643,15.080,1.809,0.954,0.000E+0,0,0.00,0.000E+0,0,-9.98,0.802,1.553,13.53,0.000E+0,0,0.0,0.0,50.00,173.18,68.17,15.27
231,3:09:44 PM,7.68,4.157,24.920,33.634,15.158,1.975,0.979,0.000E+0,0,0.00,0.000E+0,0,-9.98,0.803,1.553,13.39,0.000E+0,0,0.0,0.0,50.00,173.58,68.34,15.27
231,3:09:45 PM,7.67,4.156,24.846,33.560,15.235,2.011,0.960,0.000E+0,0,0.00,0.000E+0,0,-9.98,0.807,1.553,13.39,0.000E+0,0,0.0,0.0,50.00,173.95,68.49,15.28
231,3:09:46 PM,7.61,4.158,24.851,33.570,15.245,2.023,0.896,0.000E+0,0,0.00,0.000E+0,0,-9.98,0.810,1.553,13.39,0.000E+0,0,0.0,0.0,50.00,174.64,68.78,15.29
231,3:09:47 PM,7.61,4.158,24.851,33.570,15.245,2.023,0.947,0.000E+0,0,0.00,0.000E+0,0,-9.98,0.809,1.554,13.37,0.000E+0,0,0.0,0.0,50.00,174.64,68.78,15.29
231,3:09:48 PM,7.61,4.158,24.851,33.570,15.245,1.964,0.992,0.000E+0,0,0.00,0.000E+0,0,-9.98,0.805,1.554,13.31,0.000E+0,0,0.0,0.0,50.00,175.08,68.96,15.30
231,3:09:49 PM,7.54,4.167,24.919,33.657,15.238,1.928,0.966,0.000E+0,0,0.00,0.000E+0,0,-9.98,0.808,1.554,13.24,0.000E+0,0,0.0,0.0,50.00,175.91,69.32,15.32
231,3:09:50 PM,7.47,4.169,24.880,33.623,15.297,2.094,0.941,0.000E+0,0,0.00,0.000E+0,0,-9.98,0.810,1.555,13.24,0.000E+0,0,0.0,0.0,50.00,175.91,69.32,15.32
231,3:09:51 PM,7.38,4.167,24.815,33.555,15.351,2.309,0.877,0.000E+0,0,0.00,0.000E+0,0,-9.98,0.816,1.555,13.24,0.000E+0,0,0.0,0.0,50.00,176.96,69.77,15.35
231,3:09:52 PM,7.29,4.173,24.848,33.602,15.361,2.285,0.768,0.000E+0,0,0.00,0.000E+0,0,-9.98,0.811,1.556,13.20,0.000E+0,0,0.0,0.0,50.00,176.96,69.77,15.35
231,3:09:53 PM,7.23,4.174,24.850,33.606,15.367,2.404,0.794,0.000E+0,0,0.00,0.000E+0,0,-9.98,0.813,1.557,13.17,0.000E+0,0,0.0,0.0,50.00,178.38,70.38,15.38
231,3:09:54 PM,7.23,4.174,24.850,33.606,15.367,2.202,0.723,0.000E+0,0,0.00,0.000E+0,0,-9.98,0.814,1.557,13.13,0.000E+0,0,0.0,0.0,50.00,178.38,70.38,15.38
231,3:09:55 PM,7.22,4.175,24.837,33.595,15.390,2.309,0.717,0.000E+0,0,0.00,0.000E+0,0,-9.98,0.815,1.558,13.09,0.000E+0,0,0.0,0.0,50.00,179.87,71.01,15.41
231,3:09:56 PM,7.23,4.177,24.797,33.562,15.450,2.297,0.736,0.000E+0,0,0.00,0.000E+0,0,-9.98,0.815,1.559,13.04,0.000E+0,0,0.0,0.0,50.00,180.57,71.30,15.42
231,3:09:58 PM,7.25,4.184,24.807,33.586,15.493,2.332,0.717,0.000E+0,0,0.00,0.000E+0,0,-9.98,0.817,1.560,13.02,0.000E+0,0,0.0,0.0,50.00,181.05,71.50,15.43
231,3:09:59 PM,7.24,4.184,24.787,33.569,15.521,2.332,0.717,0.000E+0,0,0.00,0.000E+0,0,-9.98,0.817,1.560,12.97,0.000E+0,0,0.0,0.0,50.00,181.05,71.50,15.43
231,3:10:00 PM,7.16,4.188,24.810,33.600,15.526,2.558,0.646,0.000E+0,0,0.00,0.000E+0,0,-9.98,0.816,1.561,12.95,0.000E+0,0,0.0,0.0,50.00,181.98,71.90,15.45
231,3:10:00 PM,7.16,4.188,24.810,33.600,15.526,2.416,0.685,0.000E+0,0,0.00,0.000E+0,0,-9.98,0.819,1.562,12.89,0.000E+0,0,0.0,0.0,50.00,181.98,71.90,15.45
231,3:10:01 PM,7.04,4.189,24.793,33.587,15.552,2.404,0.678,0.000E+0,0,0.00,0.000E+0,0,-9.98,0.820,1.563,12.80,0.000E+0,0,0.0,0.0,50.00,182.47,72.12,15.47
231,3:10:03 PM,6.85,4.192,24.698,33.502,15.682,2.737,0.666,0.000E+0,0,0.00,0.000E+0,0,-9.98,0.822,1.564,12.75,0.000E+0,0,0.0,0.0,50.00,185.44,73.36,15.52
231,3:10:03 PM,6.85,4.192,24.698,33.502,15.682,2.737,0.666,0.000E+0,0,0.00,0.000E+0,0,-9.98,0.821,1.565,12.75,0.000E+0,0,0.0,0.0,50.00,185.44,73.36,15.52
231,3:10:05 PM,6.83,4.190,24.639,33.440,15.736,2.796,0.627,0.000E+0,0,0.00,0.000E+0,0,-9.98,0.821,1.566,12.65,0.000E+0,0,0.0,0.0,50.00,186.90,74.00,15.56
231,3:10:06 PM,6.83,4.190,24.639,33.440,15.736,2.713,0.602,0.000E+0,0,0.00,0.000E+0,0,-9.98,0.821,1.567,12.65,0.000E+0,0,0.0,0.0,50.00,186.90,74.00,15.56
231,3:10:07 PM,6.84,4.192,24.636,33.442,15.753,2.999,0.602,0.000E+0,0,0.00,0.000E+0,0,-9.98,0.818,1.568,12.65,0.000E+0,0,0.0,0.0,50.00,187.93,74.42,15.57
231,3:10:08 PM,6.84,4.192,24.636,33.442,15.753,2.701,0.595,0.000E+0,0,0.00,0.000E+0,0,-9.98,0.820,1.569,12.62,0.000E+0,0,0.0,0.0,50.00,187.93,74.42,15.57
231,3:10:09 PM,6.76,4.194,24.654,33.464,15.750,2.547,0.563,0.000E+0,0,0.00,0.000E+0,0,-9.98,0.818,1.570,12.58,0.000E+0,0,0.0,0.0,50.00,188.89,74.83,15.59
231,3:10:10 PM,6.76,4.194,24.654,33.464,15.750,2.761,0.525,0.000E+0,0,0.00,0.000E+0,0,-9.98,0.818,1.571,12.54,0.000E+0,0,0.0,0.0,50.00,188.89,74.83,15.59
231,3:10:11 PM,6.62,4.200,24.679,33.503,15.769,3.035,0.506,0.000E+0,0,0.00,0.000E+0,0,-9.98,0.821,1.571,12.51,0.000E+0,0,0.0,0.0,50.00,190.09,75.34,15.61
231,3:10:12 PM,6.62,4.200,24.679,33.503,15.769,2.666,0.499,0.000E+0,0,0.00,0.000E+0,0,-9.98,0.821,1.572,12.47,0.000E+0,0,0.0,0.0,50.00,190.09,75.34,15.61
231,3:10:13 PM,6.62,4.200,24.679,33.503,15.769,2.844,0.474,0.000E+0,0,0.00,0.000E+0,0,-9.98,0.822,1.573,12.44,0.000E+0,0,0.0,0.0,50.00,191.02,75.74,15.63
231,3:10:14 PM,6.55,4.197,24.658,33.476,15.766,2.880,0.518,0.000E+0,0,0.00,0.000E+0,0,-9.98,0.820,1.574,12.40,0.000E+0,0,0.0,0.0,50.00,191.46,75.92,15.64
231,3:10:15 PM,6.50,4.197,24.629,33.449,15.801,2.975,0.544,0.000E+0,0,0.00,0.000E+0,0,-9.98,0.820,1.575,12.36,0.000E+0,0,0.0,0.0,50.00,191.81,76.08,15.65
231,3:10:15 PM,6.50,4.197,24.629,33.449,15.801,2.975,0.544,0.000E+0,0,0.00,0.000E+0,0,-9.98,0.820,1.575,12.36,0.000E+0,0,0.0,0.0,50.00,191.81,76.08,15.65
231,3:10:16 PM,6.46,4.198,24.597,33.420,15.844,3.046,0.486,0.000E+0,0,0.00,0.000E+0,0,-9.98,0.819,1.576,12.33,0.000E+0,0,0.0,0.0,50.00,192.18,76.23,15.65
231,3:10:17 PM,6.44,4.201,24.626,33.455,15.836,2.951,0.486,0.000E+0,0,0.00,0.000E+0,0,-9.98,0.821,1.577,12.29,0.000E+0,0,0.0,0.0,50.00,192.59,76.40,15.66
231,3:10:18 PM,6.42,4.202,24.609,33.440,15.858,2.892,0.486,0.000E+0,0,0.00,0.000E+0,0,-9.98,0.826,1.578,12.25,0.000E+0,0,0.0,0.0,50.00,192.82,76.51,15.67
231,3:10:19 PM,6.42,4.202,24.609,33.440,15.858,3.320,0.486,0.000E+0,0,0.00,0.000E+0,0,-9.98,0.824,1.579,12.22,0.000E+0,0,0.0,0.0,50.00,192.82,76.51,15.67
231,3:10:20 PM,6.31,4.207,24.602,33.446,15.909,3.106,0.467,0.000E+0,0,0.00,0.000E+0,0,-9.98,0.820,1.580,12.18,0.000E+0,0,0.0,0.0,50.00,193.50,76.81,15.69
231,3:10:21 PM,6.31,4.207,24.602,33.446,15.909,2.927,0.461,0.000E+0,0,0.00,0.000E+0,0,-9.98,0.823,1.581,12.14,0.000E+0,0,0.0,0.0,50.00,193.50,76.81,15.69
231,3:10:22 PM,6.14,4.214,24.635,33.494,15.922,2.939,0.454,0.000E+0,0,0.00,0.000E+0,0,-9.98,0.823,1.582,12.11,0.000E+0,0,0.0,0.0,50.00,194.81,77.37,15.72
231,3:10:23 PM,6.14,4.214,24.635,33.494,15.922,2.987,0.493,0.000E+0,0,0.00,0.000E+0,0,-9.98,0.824,1.583,12.07,0.000E+0,0,0.0,0.0,50.00,194.81,77.37,15.72
231,3:10:24 PM,6.10,4.219,24.660,33.530,15.932,3.189,0.467,0.000E+0,0,0.00,0.000E+0,0,-9.98,0.811,1.585,12.01,0.000E+0,0,0.0,0.0,50.00,195.69,77.77,15.75
231,3:10:25 PM,6.10,4.219,24.660,33.530,15.932,3.189,0.467,0.000E+0,0,0.00,0.000E+0,0,-9.98,0.811,1.585,11.89,0.000E+0,0,0.0,0.0,50.00,195.69,77.77,15.75
231,3:10:26 PM,6.07,4.225,24.696,33.579,15.938,3.475,0.512,0.000E+0,0,0.00,0.000E+0,0,-9.98,0.822,1.585,11.89,0.000E+0,0,0.0,0.0,50.00,196.67,78.18,15.76
231,3:10:27 PM,6.07,4.225,24.696,33.579,15.938,3.046,0.448,0.000E+0,0,0.00,0.000E+0,0,-9.98,0.817,1.586,11.81,0.000E+0,0,0.0,0.0,50.00,196.67,78.18,15.76
231,3:10:28 PM,6.02,4.229,24.676,33.569,15.995,3.082,0.499,0.000E+0,0,0.00,0.000E+0,0,-9.98,0.823,1.587,11.81,0.000E+0,0,0.0,0.0,50.00,197.43,78.51,15.78
231,3:10:29 PM,6.02,4.229,24.676,33.569,15.995,3.023,0.512,0.000E+0,0,0.00,0.000E+0,0,-9.98,0.821,1.588,11.80,0.000E+0,0,0.0,0.0,50.00,197.43,78.51,15.78
231,3:10:30 PM,5.98,4.224,24.622,33.506,16.018,3.035,0.480,0.000E+0,0,0.00,0.000E+0,0,-9.98,0.823,1.589,11.72,0.000E+0,0,0.0,0.0,50.00,198.20,78.84,15.80
231,3:10:31 PM,5.98,4.224,24.622,33.506,16.018,3.035,0.480,0.000E+0,0,0.00,0.000E+0,0,-9.98,0.823,1.590,11.67,0.000E+0,0,0.0,0.0,50.00,198.20,78.84,15.80
231,3:10:32 PM,5.84,4.225,24.623,33.508,16.017,2.856,0.474,0.000E+0,0,0.00,0.000E+0,0,-9.98,0.825,1.591,11.67,0.000E+0,0,0.0,0.0,50.00,198.80,79.12,15.82
231,3:10:33 PM,5.84,4.225,24.623,33.508,16.017,3.035,0.486,0.000E+0,0,0.00,0.000E+0,0,-9.98,0.821,1.592,11.65,0.000E+0,0,0.0,0.0,50.00,198.80,79.12,15.82
231,3:10:34 PM,5.67,4.228,24.640,33.533,16.025,2.844,0.493,0.000E+0,0,0.00,0.000E+0,0,-9.98,0.822,1.593,11.58,0.000E+0,0,0.0,0.0,50.00,199.86,79.58,15.85
231,3:10:35 PM,5.67,4.228,24.640,33.533,16.025,3.035,0.486,0.000E+0,0,0.00,0.000E+0,0,-9.98,0.818,1.593,11.56,0.000E+0,0,0.0,0.0,50.00,199.86,79.58,15.85
231,3:10:36 PM,5.57,4.231,24.638,33.539,16.050,3.035,0.653,0.000E+0,0,0.00,0.000E+0,0,-9.98,0.823,1.594,11.48,0.000E+0,0,0.0,0.0,50.00,201.04,80.11,15.88
231,3:10:37 PM,5.57,4.231,24.638,33.539,16.050,3.094,0.499,0.000E+0,0,0.00,0.000E+0,0,-9.98,0.822,1.595,11.48,0.000E+0,0,0.0,0.0,50.00,201.04,80.11,15.88
231,3:10:38 PM,5.53,4.231,24.550,33.453,16.148,2.987,0.538,0.000E+0,0,0.00,0.000E+0,0,-9.98,0.813,1.596,11.48,0.000E+0,0,0.0,0.0,50.00,202.01,80.55,15.92
231,3:10:39 PM,5.53,4.231,24.550,33.453,16.148,2.868,0.525,0.000E+0,0,0.00,0.000E+0,0,-9.98,0.821,1.596,11.45,0.000E+0,0,0.0,0.0,50.00,202.01,80.55,15.92
231,3:10:40 PM,5.58,4.233,24.520,33.429,16.200,3.046,0.499,0.000E+0,0,0.00,0.000E+0,0,-9.98,0.823,1.597,11.41,0.000E+0,0,0.0,0.0,50.00,203.13,81.02,15.93
231,3:10:41 PM,5.58,4.233,24.520,33.429,16.200,2.987,0.480,0.000E+0,0,0.00,0.000E+0,0,-9.98,0.825,1.598,11.37,0.000E+0,0,0.0,0.0,50.00,203.13,81.02,15.93
231,3:10:43 PM,5.55,4.234,24.520,33.432,16.205,3.118,0.480,0.000E+0,0,0.00,0.000E+0,0,-9.98,0.820,1.599,11.34,0.000E+0,0,0.0,0.0,50.00,203.62,81.25,15.95
231,3:10:44 PM,5.55,4.234,24.520,33.432,16.205,3.165,0.525,0.000E+0,0,0.00,0.000E+0,0,-9.98,0.822,1.600,11.30,0.000E+0,0,0.0,0.0,50.00,203.62,81.25,15.95
231,3:10:45 PM,5.28,4.237,24.544,33.462,16.200,2.892,0.493,0.000E+0,0,0.00,0.000E+0,0,-9.98,0.823,1.601,11.26,0.000E+0,0,0.0,0.0,50.00,204.41,81.60,15.98
231,3:10:46 PM,5.28,4.237,24.544,33.462,16.200,2.737,0.512,0.000E+0,0,0.00,0.000E+0,0,-9.98,0.821,1.602,11.23,0.000E+0,0,0.0,0.0,50.00,204.41,81.60,15.98
231,3:10:47 PM,5.11,4.236,24.515,33.433,16.226,2.892,0.486,0.000E+0,0,0.00,0.000E+0,0,-9.98,0.821,1.602,11.19,0.000E+0,0,0.0,0.0,50.00,206.26,82.41,16.02
231,3:10:48 PM,5.11,4.236,24.515,33.433,16.226,2.999,0.525,0.000E+0,0,0.00,0.000E+0,0,-9.98,0.820,1.603,11.16,0.000E+0,0,0.0,0.0,50.00,206.26,82.41,16.02
231,3:10:49 PM,5.17,4.234,24.494,33.410,16.237,2.796,0.525,0.000E+0,0,0.00,0.000E+0,0,-9.98,0.821,1.604,11.12,0.000E+0,0,0.0,0.0,50.00,207.17,82.79,16.03
231,3:10:50 PM,5.17,4.234,24.494,33.410,16.237,2.844,0.518,0.000E+0,0,0.00,0.000E+0,0,-9.98,0.817,1.604,11.08,0.000E+0,0,0.0,0.0,50.00,207.17,82.79,16.03
231,3:10:51 PM,5.24,4.236,24.512,33.429,16.228,2.987,0.550,0.000E+0,0,0.00,0.000E+0,0,-9.98,0.822,1.605,11.05,0.000E+0,0,0.0,0.0,50.00,207.81,83.07,16.04
231,3:10:51 PM,5.24,4.236,24.512,33.429,16.228,2.987,0.550,0.000E+0,0,0.00,0.000E+0,0,-9.98,0.819,1.606,11.01,0.000E+0,0,0.0,0.0,50.00,207.81,83.07,16.04
231,3:10:53 PM,5.04,4.239,24.503,33.429,16.265,2.808,0.486,0.000E+0,0,0.00,0.000E+0,0,-9.98,0.818,1.607,10.90,0.000E+0,0,0.0,0.0,50.00,208.57,83.41,16.06
231,3:10:54 PM,5.04,4.239,24.503,33.429,16.265,2.796,0.506,0.000E+0,0,0.00,0.000E+0,0,-9.98,0.818,1.607,10.90,0.000E+0,0,0.0,0.0,50.00,208.57,83.41,16.06
231,3:10:55 PM,5.04,4.239,24.503,33.429,16.265,2.701,0.518,0.000E+0,0,0.00,0.000E+0,0,-9.98,0.820,1.608,10.90,0.000E+0,0,0.0,0.0,50.00,209.41,83.77,16.08
231,3:10:56 PM,4.95,4.240,24.508,33.437,16.265,2.678,0.506,0.000E+0,0,0.00,0.000E+0,0,-9.98,0.820,1.609,10.84,0.000E+0,0,0.0,0.0,50.00,209.85,83.95,16.09
231,3:10:57 PM,4.89,4.242,24.500,33.432,16.285,2.654,0.499,0.000E+0,0,0.00,0.000E+0,0,-9.98,0.820,1.610,10.83,0.000E+0,0,0.0,0.0,50.00,210.17,84.10,16.09
231,3:10:58 PM,4.85,4.242,24.501,33.435,16.288,2.796,0.486,0.000E+0,0,0.00,0.000E+0,0,-9.98,0.819,1.610,10.77,0.000E+0,0,0.0,0.0,50.00,210.50,84.24,16.10
231,3:10:59 PM,4.80,4.243,24.505,33.441,16.288,2.689,0.531,0.000E+0,0,0.00,0.000E+0,0,-9.98,0.816,1.611,10.75,0.000E+0,0,0.0,0.0,50.00,210.82,84.39,16.11
231,3:11:00 PM,4.75,4.245,24.528,33.467,16.278,2.654,0.518,0.000E+0,0,0.00,0.000E+0,0,-9.98,0.817,1.611,10.70,0.000E+0,0,0.0,0.0,50.00,211.06,84.51,16.13
231,3:11:00 PM,4.75,4.245,24.528,33.467,16.278,2.654,0.518,0.000E+0,0,0.00,0.000E+0,0,-9.98,0.817,1.611,10.70,0.000E+0,0,0.0,0.0,50.00,211.06,84.51,16.13
231,3:11:01 PM,4.75,4.245,24.528,33.467,16.278,2.761,0.486,0.000E+0,0,0.00,0.000E+0,0,-9.98,0.817,1.612,10.68,0.000E+0,0,0.0,0.0,50.00,211.06,84.51,16.13
231,3:11:02 PM,4.64,4.248,24.493,33.441,16.341,2.487,0.531,0.000E+0,0,0.00,0.000E+0,0,-9.98,0.817,1.612,10.62,0.000E+0,0,0.0,0.0,50.00,211.71,84.82,16.16
231,3:11:03 PM,4.64,4.248,24.493,33.441,16.341,2.499,0.538,0.000E+0,0,0.00,0.000E+0,0,-9.98,0.817,1.613,10.59,0.000E+0,0,0.0,0.0,50.00,211.71,84.82,16.16
231,3:11:04 PM,4.67,4.249,24.485,33.436,16.357,2.487,0.550,0.000E+0,0,0.00,0.000E+0,0,-9.98,0.818,1.613,10.53,0.000E+0,0,0.0,0.0,50.00,212.11,85.00,16.17
231,3:11:05 PM,4.67,4.249,24.485,33.436,16.357,2.380,0.557,0.000E+0,0,0.00,0.000E+0,0,-9.98,0.803,1.613,10.52,0.000E+0,0,0.0,0.0,50.00,212.11,85.00,16.17
231,3:11:06 PM,4.65,4.252,24.503,33.460,16.358,2.237,0.512,0.000E+0,0,0.00,0.000E+0,0,-9.98,0.816,1.613,10.46,0.000E+0,0,0.0,0.0,50.00,212.62,85.23,16.18
231,3:11:07 PM,4.65,4.252,24.503,33.460,16.358,2.237,0.512,0.000E+0,0,0.00,0.000E+0,0,-9.98,0.813,1.614,10.31,0.000E+0,0,0.0,0.0,50.00,212.62,85.23,16.18
231,3:11:08 PM,4.56,4.253,24.499,33.459,16.370,2.392,0.531,0.000E+0,0,0.00,0.000E+0,0,-9.98,0.817,1.614,10.31,0.000E+0,0,0.0,0.0,50.00,212.97,85.38,16.19
231,3:11:09 PM,4.33,4.257,24.523,33.493,16.377,2.451,0.550,0.000E+0,0,0.00,0.000E+0,0,-9.98,0.815,1.615,10.31,0.000E+0,0,0.0,0.0,50.00,213.44,85.63,16.22
231,3:11:10 PM,4.33,4.257,24.523,33.493,16.377,2.332,0.589,0.000E+0,0,0.00,0.000E+0,0,-9.98,0.817,1.615,10.22,0.000E+0,0,0.0,0.0,50.00,213.44,85.63,16.22
231,3:11:11 PM,4.27,4.256,24.498,33.466,16.393,2.523,0.538,0.000E+0,0,0.00,0.000E+0,0,-9.98,0.817,1.616,10.22,0.000E+0,0,0.0,0.0,50.00,213.79,85.81,16.25
231,3:11:12 PM,4.27,4.256,24.498,33.466,16.393,2.523,0.538,0.000E+0,0,0.00,0.000E+0,0,-9.98,0.816,1.616,10.15,0.000E+0,0,0.0,0.0,50.00,213.79,85.81,16.25
231,3:11:13 PM,4.27,4.255,24.464,33.432,16.428,2.582,0.531,0.000E+0,0,0.00,0.000E+0,0,-9.98,0.811,1.616,10.15,0.000E+0,0,0.0,0.0,50.00,214.05,85.93,16.26
231,3:11:14 PM,4.27,4.256,24.447,33.417,16.453,2.582,0.538,0.000E+0,0,0.00,0.000E+0,0,-9.98,0.814,1.617,10.08,0.000E+0,0,0.0,0.0,50.00,214.05,85.93,16.26
231,3:11:15 PM,4.22,4.258,24.461,33.436,16.454,2.404,0.550,0.000E+0,0,0.00,0.000E+0,0,-9.98,0.815,1.617,10.08,0.000E+0,0,0.0,0.0,50.00,214.30,86.06,16.28
231,3:11:16 PM,4.22,4.258,24.461,33.436,16.454,2.701,0.557,0.000E+0,0,0.00,0.000E+0,0,-9.98,0.817,1.617,10.06,0.000E+0,0,0.0,0.0,50.00,214.30,86.06,16.28
231,3:11:17 PM,4.17,4.259,24.461,33.439,16.464,2.725,0.557,0.000E+0,0,0.00,0.000E+0,0,-9.98,0.812,1.618,9.98,0.000E+0,0,0.0,0.0,50.00,214.44,86.13,16.29
231,3:11:18 PM,4.17,4.259,24.461,33.439,16.464,2.725,0.557,0.000E+0,0,0.00,0.000E+0,0,-9.98,0.816,1.618,9.95,0.000E+0,0,0.0,0.0,50.00,214.66,86.25,16.31
231,3:11:19 PM,4.08,4.269,24.519,33.517,16.468,2.416,0.550,0.000E+0,0,0.00,0.000E+0,0,-9.98,0.815,1.619,9.95,0.000E+0,0,0.0,0.0,50.00,214.66,86.25,16.31
231,3:11:20 PM,4.00,4.273,24.547,33.555,16.472,2.332,0.557,0.000E+0,0,0.00,0.000E+0,0,-9.98,0.816,1.619,9.95,0.000E+0,0,0.0,0.0,50.00,214.78,86.34,16.33
231,3:11:21 PM,3.95,4.269,24.501,33.501,16.491,2.380,0.563,0.000E+0,0,0.00,0.000E+0,0,-9.98,0.816,1.619,9.89,0.000E+0,0,0.0,0.0,50.00,214.78,86.34,16.33
231,3:11:22 PM,3.90,4.270,24.475,33.478,16.529,2.285,0.602,0.000E+0,0,0.00,0.000E+0,0,-9.98,0.813,1.620,9.87,0.000E+0,0,0.0,0.0,50.00,214.75,86.36,16.35
231,3:11:23 PM,3.87,4.270,24.477,33.481,16.528,2.297,0.602,0.000E+0,0,0.00,0.000E+0,0,-9.98,0.814,1.620,9.82,0.000E+0,0,0.0,0.0,50.00,214.75,86.36,16.35
231,3:11:24 PM,3.87,4.270,24.477,33.481,16.528,2.321,0.608,0.000E+0,0,0.00,0.000E+0,0,-9.98,0.812,1.620,9.80,0.000E+0,0,0.0,0.0,50.00,214.89,86.45,16.37
231,3:11:25 PM,3.83,4.269,24.487,33.488,16.508,2.404,0.666,0.000E+0,0,0.00,0.000E+0,0,-9.98,0.812,1.620,9.75,0.000E+0,0,0.0,0.0,50.00,214.89,86.45,16.37
231,3:11:27 PM,3.79,4.269,24.486,33.489,16.511,2.380,0.614,0.000E+0,0,0.00,0.000E+0,0,-9.98,0.811,1.620,9.73,0.000E+0,0,0.0,0.0,50.00,215.06,86.57,16.40
231,3:11:28 PM,3.75,4.271,24.474,33.480,16.538,2.332,0.589,0.000E+0,0,0.00,0.000E+0,0,-9.98,0.812,1.621,9.67,0.000E+0,0,0.0,0.0,50.00,215.06,86.57,16.40
231,3:11:29 PM,3.71,4.276,24.495,33.513,16.550,2.297,0.621,0.000E+0,0,0.00,0.000E+0,0,-9.98,0.811,1.621,9.66,0.000E+0,0,0.0,0.0,50.00,215.21,86.67,16.42
231,3:11:30 PM,3.67,4.281,24.498,33.527,16.586,2.380,0.570,0.000E+0,0,0.00,0.000E+0,0,-9.98,0.811,1.621,9.60,0.000E+0,0,0.0,0.0,50.00,215.21,86.67,16.42
231,3:11:31 PM,3.67,4.281,24.498,33.527,16.586,2.332,0.595,0.000E+0,0,0.00,0.000E+0,0,-9.98,0.809,1.621,9.58,0.000E+0,0,0.0,0.0,50.00,215.26,86.72,16.44
231,3:11:32 PM,3.64,4.281,24.461,33.491,16.624,2.321,0.589,0.000E+0,0,0.00,0.000E+0,0,-9.98,0.810,1.621,9.51,0.000E+0,0,0.0,0.0,50.00,215.26,86.76,16.46
231,3:11:33 PM,3.61,4.282,24.447,33.481,16.652,2.285,0.621,0.000E+0,0,0.00,0.000E+0,0,-9.98,0.810,1.621,9.49,0.000E+0,0,0.0,0.0,50.00,215.68,86.95,16.48
231,3:11:34 PM,3.57,4.285,24.449,33.490,16.670,2.273,0.678,0.000E+0,0,0.00,0.000E+0,0,-9.98,0.807,1.621,9.44,0.000E+0,0,0.0,0.0,50.00,215.67,86.97,16.49
231,3:11:35 PM,3.49,4.291,24.487,33.542,16.677,2.356,0.672,0.000E+0,0,0.00,0.000E+0,0,-9.98,0.802,1.621,9.42,0.000E+0,0,0.0,0.0,50.00,215.41,86.91,16.51
231,3:11:36 PM,3.40,4.297,24.529,33.594,16.669,2.332,0.653,0.000E+0,0,0.00,0.000E+0,0,-9.98,0.804,1.620,9.36,0.000E+0,0,0.0,0.0,50.00,215.33,86.92,16.54
231,3:11:37 PM,3.40,4.297,24.529,33.594,16.669,2.487,0.672,0.000E+0,0,0.00,0.000E+0,0,-9.98,0.802,1.620,9.34,0.000E+0,0,0.0,0.0,50.00,215.33,86.92,16.54
231,3:11:38 PM,3.32,4.297,24.500,33.569,16.706,2.368,0.646,0.000E+0,0,0.00,0.000E+0,0,-9.98,0.805,1.619,9.29,0.000E+0,0,0.0,0.0,50.00,214.53,86.65,16.57
231,3:11:39 PM,3.32,4.297,24.500,33.569,16.706,2.487,0.672,0.000E+0,0,0.00,0.000E+0,0,-9.98,0.804,1.619,9.25,0.000E+0,0,0.0,0.0,50.00,214.53,86.65,16.57
231,3:11:40 PM,3.25,4.299,24.496,33.569,16.723,2.368,0.698,0.000E+0,0,0.00,0.000E+0,0,-9.98,0.803,1.618,9.22,0.000E+0,0,0.0,0.0,50.00,214.30,86.59,16.59
231,3:11:41 PM,3.25,4.299,24.496,33.569,16.723,2.547,0.659,0.000E+0,0,0.00,0.000E+0,0,-9.98,0.804,1.618,9.18,0.000E+0,0,0.0,0.0,50.00,214.30,86.59,16.59
231,3:11:42 PM,3.16,4.304,24.507,33.591,16.750,2.392,0.678,0.000E+0,0,0.00,0.000E+0,0,-9.98,0.803,1.618,9.14,0.000E+0,0,0.0,0.0,50.00,213.73,86.41,16.62
231,3:11:42 PM,3.16,4.304,24.507,33.591,16.750,2.392,0.678,0.000E+0,0,0.00,0.000E+0,0,-9.98,0.800,1.617,9.11,0.000E+0,0,0.0,0.0,50.00,213.73,86.41,16.62
231,3:11:43 PM,3.08,4.313,24.541,33.646,16.782,2.440,0.691,0.000E+0,0,0.00,0.000E+0,0,-9.98,0.800,1.617,9.00,0.000E+0,0,0.0,0.0,50.00,213.21,86.23,16.64
231,3:11:45 PM,3.04,4.317,24.510,33.626,16.847,2.440,0.691,0.000E+0,0,0.00,0.000E+0,0,-9.98,0.798,1.616,8.98,0.000E+0,0,0.0,0.0,50.00,212.51,85.99,16.67
231,3:11:45 PM,3.04,4.317,24.510,33.626,16.847,2.440,0.691,0.000E+0,0,0.00,0.000E+0,0,-9.98,0.798,1.616,8.98,0.000E+0,0,0.0,0.0,50.00,212.51,85.99,16.67
231,3:11:46 PM,3.05,4.316,24.443,33.559,16.916,2.463,0.704,0.000E+0,0,0.00,0.000E+0,0,-9.98,0.798,1.615,8.96,0.000E+0,0,0.0,0.0,50.00,212.51,85.99,16.67
231,3:11:47 PM,3.08,4.313,24.462,33.569,16.864,2.487,0.698,0.000E+0,0,0.00,0.000E+0,0,-9.98,0.798,1.615,8.96,0.000E+0,0,0.0,0.0,50.00,212.04,85.81,16.67
231,3:11:48 PM,3.08,4.313,24.462,33.569,16.864,2.523,0.678,0.000E+0,0,0.00,0.000E+0,0,-9.98,0.797,1.614,8.92,0.000E+0,0,0.0,0.0,50.00,212.04,85.81,16.67
231,3:11:49 PM,3.09,4.310,24.441,33.543,16.871,2.654,0.710,0.000E+0,0,0.00,0.000E+0,0,-9.98,0.795,1.613,8.87,0.000E+0,0,0.0,0.0,50.00,211.65,85.70,16.70
231,3:11:50 PM,3.01,4.314,24.445,33.557,16.899,2.499,0.672,0.000E+0,0,0.00,0.000E+0,0,-9.98,0.795,1.612,8.85,0.000E+0,0,0.0,0.0,50.00,211.00,85.47,16.72
231,3:11:51 PM,2.87,4.318,24.403,33.526,16.972,2.535,0.717,0.000E+0,0,0.00,0.000E+0,0,-9.98,0.796,1.611,8.80,0.000E+0,0,0.0,0.0,50.00,210.18,85.20,16.76
231,3:11:52 PM,2.75,4.321,24.387,33.518,17.013,2.570,0.717,0.000E+0,0,0.00,0.000E+0,0,-9.98,0.797,1.610,8.76,0.000E+0,0,0.0,0.0,50.00,209.24,84.87,16.79
231,3:11:53 PM,2.66,4.321,24.354,33.488,17.053,2.654,0.710,0.000E+0,0,0.00,0.000E+0,0,-9.98,0.797,1.610,8.70,0.000E+0,0,0.0,0.0,50.00,208.33,84.54,16.81
231,3:11:54 PM,2.66,4.321,24.354,33.488,17.053,2.654,0.710,0.000E+0,0,0.00,0.000E+0,0,-9.98,0.798,1.609,8.69,0.000E+0,0,0.0,0.0,50.00,208.33,84.54,16.81
231,3:11:55 PM,2.61,4.321,24.340,33.474,17.068,2.594,0.749,0.000E+0,0,0.00,0.000E+0,0,-9.98,0.797,1.608,8.63,0.000E+0,0,0.0,0.0,50.00,206.71,83.91,16.83
231,3:11:56 PM,2.64,4.319,24.328,33.459,17.070,2.570,0.755,0.000E+0,0,0.00,0.000E+0,0,-9.98,0.796,1.607,8.59,0.000E+0,0,0.0,0.0,50.00,206.15,83.68,16.83
231,3:11:57 PM,2.68,4.320,24.337,33.469,17.065,2.535,0.742,0.000E+0,0,0.00,0.000E+0,0,-9.98,0.795,1.607,8.56,0.000E+0,0,0.0,0.0,50.00,205.80,83.55,16.83
231,3:11:58 PM,2.67,4.321,24.320,33.454,17.088,2.535,0.736,0.000E+0,0,0.00,0.000E+0,0,-9.98,0.795,1.606,8.52,0.000E+0,0,0.0,0.0,50.00,205.80,83.55,16.83
231,3:11:59 PM,2.64,4.320,24.289,33.423,17.116,2.630,0.710,0.000E+0,0,0.00,0.000E+0,0,-9.98,0.798,1.605,8.49,0.000E+0,0,0.0,0.0,50.00,205.05,83.28,16.85
231,3:12:00 PM,2.64,4.320,24.289,33.423,17.116,2.630,0.710,0.000E+0,0,0.00,0.000E+0,0,-9.98,0.796,1.604,8.34,0.000E+0,0,0.0,0.0,50.00,205.05,83.28,16.85
231,3:12:01 PM,2.54,4.321,24.281,33.418,17.132,2.666,0.710,0.000E+0,0,0.00,0.000E+0,0,-9.98,0.797,1.603,8.34,0.000E+0,0,0.0,0.0,50.00,203.93,82.87,16.89
231,3:12:02 PM,2.42,4.328,24.314,33.466,17.146,2.761,0.710,0.000E+0,0,0.00,0.000E+0,0,-9.98,0.795,1.603,8.34,0.000E+0,0,0.0,0.0,50.00,203.93,82.87,16.89
231,3:12:03 PM,2.32,4.324,24.283,33.428,17.152,2.606,0.704,0.000E+0,0,0.00,0.000E+0,0,-9.98,0.794,1.602,8.34,0.000E+0,0,0.0,0.0,50.00,201.86,82.10,16.93
231,3:12:04 PM,2.25,4.327,24.285,33.436,17.171,2.678,0.736,0.000E+0,0,0.00,0.000E+0,0,-9.98,0.795,1.601,8.30,0.000E+0,0,0.0,0.0,50.00,201.86,82.10,16.93
231,3:12:05 PM,2.21,4.331,24.306,33.467,17.178,2.725,0.730,0.000E+0,0,0.00,0.000E+0,0,-9.98,0.794,1.600,8.27,0.000E+0,0,0.0,0.0,50.00,199.53,81.21,16.96
231,3:12:06 PM,2.21,4.331,24.306,33.467,17.178,2.678,0.710,0.000E+0,0,0.00,0.000E+0,0,-9.98,0.795,1.599,8.23,0.000E+0,0,0.0,0.0,50.00,199.53,81.21,16.96
231,3:12:07 PM,2.19,4.330,24.295,33.453,17.182,2.594,0.749,0.000E+0,0,0.00,0.000E+0,0,-9.98,0.795,1.598,8.19,0.000E+0,0,0.0,0.0,50.00,198.19,80.70,16.99
231,3:12:08 PM,2.18,4.331,24.309,33.469,17.176,2.630,0.730,0.000E+0,0,0.00,0.000E+0,0,-9.98,0.797,1.598,8.14,0.000E+0,0,0.0,0.0,50.00,198.19,80.70,16.99
231,3:12:09 PM,2.18,4.330,24.285,33.444,17.194,2.618,0.723,0.000E+0,0,0.00,0.000E+0,0,-9.98,0.793,1.597,8.12,0.000E+0,0,0.0,0.0,50.00,196.62,80.08,17.00
231,3:12:10 PM,2.19,4.331,24.294,33.454,17.190,2.761,0.730,0.000E+0,0,0.00,0.000E+0,0,-9.98,0.795,1.596,8.06,0.000E+0,0,0.0,0.0,50.00,196.62,80.08,17.00
231,3:12:12 PM,2.16,4.332,24.296,33.460,17.202,2.761,0.730,0.000E+0,0,0.00,0.000E+0,0,-9.98,0.793,1.595,8.05,0.000E+0,0,0.0,0.0,50.00,195.66,79.71,17.01
231,3:12:13 PM,2.16,4.332,24.296,33.460,17.202,2.606,0.710,0.000E+0,0,0.00,0.000E+0,0,-9.98,0.794,1.594,7.99,0.000E+0,0,0.0,0.0,50.00,195.66,79.71,17.01
231,3:12:14 PM,2.09,4.332,24.263,33.428,17.235,2.654,0.723,0.000E+0,0,0.00,0.000E+0,0,-9.98,0.791,1.593,7.95,0.000E+0,0,0.0,0.0,50.00,194.62,79.34,17.05
231,3:12:15 PM,1.96,4.339,24.300,33.480,17.243,2.678,0.730,0.000E+0,0,0.00,0.000E+0,0,-9.98,0.790,1.592,7.90,0.000E+0,0,0.0,0.0,50.00,194.62,79.34,17.05
231,3:12:16 PM,1.75,4.347,24.321,33.521,17.285,2.820,0.742,0.000E+0,0,0.00,0.000E+0,0,-9.98,0.789,1.591,7.88,0.000E+0,0,0.0,0.0,50.00,190.88,77.95,17.14
231,3:12:17 PM,1.75,4.347,24.321,33.521,17.285,2.868,0.768,0.000E+0,0,0.00,0.000E+0,0,-9.98,0.789,1.589,7.83,0.000E+0,0,0.0,0.0,50.00,190.88,77.95,17.14
231,3:12:18 PM,1.74,4.348,24.269,33.473,17.346,2.856,0.749,0.000E+0,0,0.00,0.000E+0,0,-9.98,0.788,1.588,7.79,0.000E+0,0,0.0,0.0,50.00,188.98,77.22,17.17
231,3:12:18 PM,1.74,4.348,24.269,33.473,17.346,2.856,0.749,0.000E+0,0,0.00,0.000E+0,0,-9.98,0.790,1.587,7.75,0.000E+0,0,0.0,0.0,50.00,188.98,77.22,17.17
231,3:12:19 PM,1.71,4.349,24.255,33.462,17.370,2.773,0.749,0.000E+0,0,0.00,0.000E+0,0,-9.98,0.789,1.586,7.63,0.000E+0,0,0.0,0.0,50.00,187.91,76.78,17.17
231,3:12:21 PM,1.69,4.351,24.284,33.494,17.351,2.749,0.781,0.000E+0,0,0.00,0.000E+0,0,-9.98,0.785,1.584,7.61,0.000E+0,0,0.0,0.0,50.00,187.10,76.47,17.18
231,3:12:22 PM,1.63,4.352,24.276,33.491,17.371,2.796,0.749,0.000E+0,0,0.00,0.000E+0,0,-9.98,0.790,1.583,7.61,0.000E+0,0,0.0,0.0,50.00,185.73,75.92,17.19
231,3:12:23 PM,1.63,4.352,24.276,33.491,17.371,2.820,0.787,0.000E+0,0,0.00,0.000E+0,0,-9.98,0.787,1.582,7.59,0.000E+0,0,0.0,0.0,50.00,185.73,75.92,17.19
231,3:12:24 PM,1.59,4.354,24.272,33.491,17.388,2.963,0.768,0.000E+0,0,0.00,0.000E+0,0,-9.98,0.789,1.581,7.55,0.000E+0,0,0.0,0.0,50.00,184.48,75.45,17.21
231,3:12:24 PM,1.59,4.354,24.272,33.491,17.388,2.963,0.768,0.000E+0,0,0.00,0.000E+0,0,-9.98,0.789,1.580,7.52,0.000E+0,0,0.0,0.0,50.00,184.48,75.45,17.21
231,3:12:25 PM,1.59,4.354,24.272,33.491,17.388,2.963,0.768,0.000E+0,0,0.00,0.000E+0,0,-9.98,0.789,1.580,7.41,0.000E+0,0,0.0,0.0,50.00,184.48,75.45,17.21
231,3:12:27 PM,1.51,4.356,24.262,33.486,17.415,2.939,0.781,0.000E+0,0,0.00,0.000E+0,0,-9.98,0.783,1.577,7.39,0.000E+0,0,0.0,0.0,50.00,183.67,75.14,17.23
231,3:12:27 PM,1.51,4.356,24.262,33.486,17.415,2.939,0.781,0.000E+0,0,0.00,0.000E+0,0,-9.98,0.783,1.577,7.31,0.000E+0,0,0.0,0.0,50.00,183.67,75.14,17.23
231,3:12:29 PM,1.32,4.362,24.262,33.502,17.459,3.023,0.794,0.000E+0,0,0.00,0.000E+0,0,-9.98,0.780,1.580,7.31,0.000E+0,0,0.0,0.0,50.00,182.37,74.66,17.27
231,3:12:29 PM,1.32,4.362,24.262,33.502,17.459,3.023,0.794,0.000E+0,0,0.00,0.000E+0,0,-9.98,0.780,1.580,7.24,0.000E+0,0,0.0,0.0,50.00,181.33,74.26,17.29
231,3:12:30 PM,1.32,4.362,24.262,33.502,17.459,3.130,0.813,0.000E+0,0,0.00,0.000E+0,0,-9.98,0.781,1.581,7.24,0.000E+0,0,0.0,0.0,50.00,181.33,74.26,17.29
231,3:12:31 PM,1.33,4.359,24.221,33.457,17.488,3.154,0.800,0.000E+0,0,0.00,0.000E+0,0,-9.98,0.779,1.581,7.24,0.000E+0,0,0.0,0.0,50.00,179.90,73.72,17.31
231,3:12:32 PM,1.29,4.359,24.215,33.449,17.489,3.082,0.813,0.000E+0,0,0.00,0.000E+0,0,-9.98,0.781,1.582,7.24,0.000E+0,0,0.0,0.0,50.00,179.25,73.46,17.32
231,3:12:33 PM,1.24,4.359,24.209,33.446,17.502,3.094,0.826,0.000E+0,0,0.00,0.000E+0,0,-9.98,0.780,1.583,7.21,0.000E+0,0,0.0,0.0,50.00,178.55,73.19,17.33
231,3:12:34 PM,1.18,4.361,24.214,33.455,17.511,3.225,0.826,0.000E+0,0,0.00,0.000E+0,0,-9.98,0.778,1.586,7.17,0.000E+0,0,0.0,0.0,50.00,177.91,72.94,17.34
231,3:12:35 PM,1.10,4.366,24.237,33.489,17.520,3.213,0.858,0.000E+0,0,0.00,0.000E+0,0,-9.98,0.776,1.588,7.11,0.000E+0,0,0.0,0.0,50.00,177.08,72.62,17.35
231,3:12:36 PM,1.10,4.366,24.237,33.489,17.520,3.225,0.832,0.000E+0,0,0.00,0.000E+0,0,-9.98,0.776,1.590,7.10,0.000E+0,0,0.0,0.0,50.00,177.08,72.62,17.35
231,3:12:37 PM,1.08,4.366,24.235,33.486,17.520,3.225,0.832,0.000E+0,0,0.00,0.000E+0,0,-9.98,0.776,1.593,7.04,0.000E+0,0,0.0,0.0,50.00,175.83,72.12,17.36
231,3:12:38 PM,1.04,4.364,24.222,33.469,17.518,3.189,0.826,0.000E+0,0,0.00,0.000E+0,0,-9.98,0.777,1.595,7.02,0.000E+0,0,0.0,0.0,50.00,175.83,72.12,17.36
231,3:12:39 PM,1.02,4.363,24.221,33.467,17.514,3.368,0.819,0.000E+0,0,0.00,0.000E+0,0,-9.98,0.777,1.597,6.97,0.000E+0,0,0.0,0.0,50.00,174.99,71.79,17.38
231,3:12:40 PM,0.98,4.363,24.203,33.450,17.536,3.249,0.902,0.000E+0,0,0.00,0.000E+0,0,-9.98,0.774,1.599,6.93,0.000E+0,0,0.0,0.0,50.00,174.99,71.79,17.38
